0 0.4474155844155844 0.3757270693512304 0.06271428571428567 0.1508501118568233
0 0.18496103896103894 0.3869351230425056 0.065987012987013 0.12512304250559286
0 0.7028311688311688 0.41022371364653243 0.0605324675324674 0.13404921700223718
0 0.5491428571428572 0.4326174496644295 0.06054545454545455 0.1303131991051454
0 0.2693766233766234 0.4382102908277405 0.04649350649350651 0.09675615212527965
0 0.587025974025974 0.4551230425055928 0.016493506493506553 0.02758389261744963
0 0.32511688311688314 0.4587248322147651 0.05190909090909087 0.13073825503355704
0 0.8484025974025974 0.476420581655481 0.059428571428571414 0.12469798657718123
3 0.5882077922077922 0.48257270693512305 0.018844155844155833 0.029619686800894874
3 0.18928571428571428 0.5892393736017897 0.1439090909090909 0.28689038031319913
3 0.7017532467532468 0.5967337807606264 0.14277922077922084 0.26131991051454134
3 0.5594285714285714 0.5995302013422819 0.11790909090909087 0.25944071588366896
3 0.42901298701298696 0.6013870246085011 0.1406363636363636 0.3489709172259508
3 0.3132077922077922 0.6358836689038031 0.09087012987012984 0.22776286353467556
3 0.8429870129870131 0.6778299776286354 0.11354545454545463 0.28185682326621925