0 0.1865740740740741 0.2634027777777778 0.09729629629629628 0.121712962962963
0 0.4558888888888889 0.26918981481481485 0.11429629629629634 0.16030092592592596
0 0.842462962962963 0.2884953703703704 0.12488888888888879 0.17960648148148153
0 0.5384444444444444 0.3714351851851852 0.09096296296296297 0.1371759259259259
0 0.6511111111111112 0.38687499999999997 0.10020370370370373 0.12560185185185183
2 0.9679444444444445 0.5287037037037037 0.0640925925925925 0.2394907407407407
2 0.43118518518518517 0.536412037037037 0.1542407407407408 0.3513888888888889
2 0.22592592592592592 0.557662037037037 0.19438888888888892 0.47101851851851845
2 0.5469259259259259 0.5721064814814816 0.07707407407407409 0.24914351851851857
2 0.8417037037037036 0.5730787037037037 0.15112962962962964 0.3977083333333334
2 0.6433888888888889 0.5894675925925926 0.10020370370370373 0.2607407407407408
0 0.28535185185185186 0.22289351851851855 0.13418518518518516 0.19499999999999995