0 0.78496 0.35528 0.03792000000000007 0.08389333333333332
0 0.42344 0.362 0.05136000000000002 0.09544000000000001
0 0.11914 0.3648533333333333 0.042799999999999984 0.0897333333333333
0 0.82638 0.36672000000000005 0.05494000000000005 0.09722666666666666
0 0.22844 0.3696266666666667 0.04994 0.08021333333333329
0 0.7317400000000001 0.38386666666666663 0.04851999999999998 0.06866666666666667
0 0.526 0.39005333333333336 0.04709999999999997 0.08677333333333338
0 0.64744 0.3914666666666667 0.04424000000000001 0.08770666666666663
3 0.23714 0.4685066666666667 0.09812 0.13018666666666664
3 0.39912000000000003 0.47376 0.12439999999999998 0.16154666666666662
2 0.12012 0.48277333333333333 0.1205 0.1469333333333334
3 0.72312 0.4882133333333334 0.07151999999999999 0.14786666666666665
3 0.83054 0.49824 0.12620000000000003 0.17741333333333342
3 0.52996 0.4984 0.10390000000000003 0.1580533333333333
2 0.64658 0.5121600000000001 0.10831999999999993 0.1686133333333334