0 0.49689999999999995 0.436425 0.047683333333333355 0.09105000000000003
0 0.5927333333333333 0.492125 0.03024999999999996 0.05697500000000005
0 0.6544833333333333 0.49439999999999995 0.024950000000000045 0.05242500000000007
0 0.7037333333333333 0.5091749999999999 0.02341666666666659 0.04332499999999996
0 0.7431333333333333 0.521675 0.020516666666666575 0.03879999999999995
0 0.7707833333333334 0.5222249999999999 0.01521666666666666 0.03082499999999996
0 0.7893333333333333 0.531325 0.017349999999999945 0.033125
3 0.7966333333333334 0.5634 0.027166666666666592 0.04680000000000007
3 0.75025 0.5652750000000001 0.04299999999999993 0.06805000000000007
3 0.7087833333333333 0.5661 0.04703333333333338 0.08722499999999997
3 0.4942833333333333 0.566275 0.1275 0.17564999999999997
3 0.6559333333333334 0.56655 0.059950000000000045 0.10182500000000004
3 0.5916333333333333 0.573825 0.06663333333333336 0.10429999999999992