0 0.14992727272727271 0.3245380434782609 0.07132727272727271 0.11804347826086956
0 0.8754727272727273 0.35540760869565213 0.062309090909090876 0.11508152173913046
0 0.3251090909090909 0.3580163043478261 0.02869090909090904 0.059673913043478244
0 0.5674181818181818 0.3585326086956522 0.027927272727272752 0.07326086956521738
0 0.3922363636363636 0.36429347826086955 0.021709090909090904 0.061766304347826095
0 0.46950909090909093 0.36690217391304353 0.033527272727272774 0.07326086956521738
0 0.41916363636363635 0.3721195652173913 0.03074545454545459 0.07326086956521738
0 0.3663636363636364 0.3736956521739131 0.03289090909090905 0.05758152173913043
0 0.6758181818181818 0.379945652173913 0.04889090909090907 0.08459239130434781
0 0.5349090909090909 0.38100543478260873 0.03990909090909099 0.06804347826086958
0 0.6023818181818182 0.39040760869565216 0.043309090909091 0.08250000000000003
0 0.7576363636363637 0.408179347826087 0.05449090909090914 0.08875000000000006
2 0.32143636363636363 0.44505434782608694 0.059563636363636346 0.12869565217391307
2 0.36150909090909095 0.46426630434782606 0.06310909090909088 0.11747282608695657
2 0.4740363636363637 0.4673913043478261 0.08321818181818179 0.12793478260869562
2 0.41427272727272724 0.47195652173913044 0.07381818181818187 0.12869565217391307
2 0.1429090909090909 0.4738586956521739 0.12481818181818183 0.1868478260869565
2 0.5388909090909091 0.4904076086956522 0.068309090909091 0.16494565217391302
2 0.6049818181818182 0.5114402173913044 0.08754545454545451 0.166820652173913
2 0.6805818181818182 0.5123641304347827 0.08218181818181826 0.18375000000000002
2 0.8792363636363636 0.5326630434782609 0.11067272727272728 0.25404891304347826
2 0.7523636363636363 0.5471739130434783 0.09759999999999991 0.19366847826086953