0 0.52926 0.3668562874251497 0.050079999999999986 0.1012574850299401
0 0.28612 0.3677844311377246 0.11370000000000002 0.1925748502994012
0 0.63802 0.4183233532934132 0.09242000000000007 0.166377245508982
0 0.41614 0.44359281437125747 0.08868000000000006 0.15700598802395208
0 0.90116 0.44733532934131737 0.0711400000000001 0.1312275449101796
0 0.7299 0.4520059880239521 0.07366000000000009 0.13640718562874252
2 0.50488 0.5212874251497006 0.10381999999999994 0.21922155688622763
2 0.2405 0.6045808383233533 0.17755999999999997 0.3708682634730539
2 0.73866 0.618622754491018 0.15618000000000007 0.26041916167664675
2 0.61426 0.6223353293413174 0.1525999999999999 0.31281437125748507
2 0.8993 0.6523053892215569 0.17240000000000008 0.2903592814371258
2 0.41925999999999997 0.6653892215568863 0.17494000000000007 0.29038922155688623