0 0.47302500000000003 0.41616236162361625 0.07742499999999992 0.16073800738007382
0 0.60615 0.49738007380073795 0.15617499999999992 0.29365313653136527
2 0.1184 0.5656457564575645 0.236775 0.38225092250922504
2 0.466775 0.5665682656826568 0.14507500000000007 0.17738007380073798
2 0.94 0.5940959409594095 0.12 0.42066420664206644
2 0.281125 0.6006642066420664 0.29119999999999996 0.4481180811808118
2 0.798975 0.6892619926199262 0.31702500000000017 0.4339483394833948
0 0.781775 0.7326568265682657 0.1549000000000001 0.22173431734317356
2 0.7548999999999999 0.9308118081180812 0.44867500000000005 0.13837638376383765
0 0.9675 0.27121771217712176 0.065 0.2988929889298893
0 0.323625 0.2970848708487085 0.1487 0.2877121771217712
0 0.1905 0.30822878228782286 0.10005000000000003 0.19575645756457566
0 0.933025 0.3248339483394834 0.07762499999999989 0.17361623616236166