0 0.38856 0.32524096385542167 0.04906000000000006 0.1028012048192771
0 0.51402 0.32590361445783134 0.043700000000000044 0.08225903614457832
0 0.3381 0.3375602409638554 0.029960000000000035 0.07268072289156625
0 0.95836 0.33825301204819275 0.08327999999999998 0.14527108433734937
1 0.0032199999999999998 0.3392469879518072 0.00642 0.03918674698795178
1 0.05348 0.3469578313253012 0.01786 0.03129518072289152
1 0.17742 0.35180722891566263 0.021420000000000015 0.03882530120481932
1 0.09492 0.3539457831325301 0.022140000000000014 0.034518072289156654
0 0.60584 0.3560240963855421 0.05824000000000001 0.10692771084337345
1 0.13313999999999998 0.36042168674698793 0.018560000000000004 0.028072289156626486
2 0.054 0.3978012048192771 0.029099999999999994 0.0699698795180723
2 0.008 0.40343373493975904 0.01598 0.08394578313253014
2 0.129 0.4066867469879518 0.024560000000000002 0.06039156626506027
2 0.09264 0.4087650602409639 0.030020000000000012 0.06722891566265059
2 0.17718 0.41150602409638554 0.03183999999999997 0.08093373493975906
2 0.5120800000000001 0.4645783132530121 0.07277999999999997 0.18364457831325307
2 0.389 0.4744879518072289 0.08641999999999996 0.18228915662650602
2 0.26854 0.49024096385542165 0.12186000000000001 0.26581325301204817
2 0.59856 0.5032530120481928 0.08005999999999995 0.18503012048192774
2 0.68948 0.5203614457831325 0.09279999999999995 0.29596385542168674
2 0.9492999999999999 0.5402409638554218 0.10138000000000011 0.2699397590361446
2 0.8260599999999999 0.542289156626506 0.1330999999999999 0.32882530120481934
0 0.81038 0.2471686746987952 0.10537999999999988 0.1794578313253012
0 0.2799 0.26906626506024095 0.06815999999999997 0.14641566265060235
0 0.68038 0.2957831325301205 0.08175999999999999 0.1562048192771084