0 0.36654000000000003 0.2986849315068493 0.10527999999999997 0.19531506849315067
0 0.61988 0.3233972602739726 0.0760999999999999 0.1974520547945205
0 0.069 0.32602739726027397 0.138 0.27945205479452057
0 0.16854 0.3607945205479452 0.09062 0.18068493150684928
0 0.71456 0.3827123287671233 0.13990000000000008 0.24643835616438353
2 0.8759 0.5563287671232877 0.1959000000000001 0.42956164383561635
2 0.38054000000000004 0.559013698630137 0.25327999999999995 0.33956164383561643
2 0.61656 0.560876712328767 0.14944000000000005 0.3071506849315068
2 0.18519999999999998 0.6494246575342465 0.15330000000000005 0.3924931506849314
2 0.97158 0.6570684931506849 0.05681999999999993 0.6858356164383561
2 0.07425999999999999 0.6905205479452055 0.1485 0.5367945205479452
2 0.71856 0.7325479452054794 0.25190000000000007 0.4381095890410958
0 0.9616399999999999 0.15526027397260275 0.07670000000000005 0.31049315068493155
0 0.8299 0.24205479452054793 0.1279000000000001 0.198986301369863