0 0.69174 0.31333333333333335 0.06994000000000006 0.12708708708708708
0 0.82994 0.3488288288288288 0.08083999999999991 0.138018018018018
0 0.1399 0.35768768768768766 0.06451999999999998 0.0763363363363363
0 0.61584 0.3672672672672673 0.05083999999999992 0.08204204204204206
0 0.9362999999999999 0.4116216216216216 0.03718000000000006 0.05885885885885889
2 0.71302 0.4871771771771771 0.10742000000000007 0.2611711711711711
2 0.12738 0.4965465465465465 0.11622000000000002 0.2269069069069069
2 0.60926 0.5171771771771771 0.12242000000000007 0.25318318318318317
2 0.47176 0.5238138138138139 0.15744000000000005 0.4132732732732733
2 0.9455399999999999 0.5256456456456456 0.07490000000000009 0.1879579579579579
2 0.84866 0.5435135135135135 0.16366000000000008 0.2762162162162163
2 0.30738 0.5603303303303303 0.24622000000000002 0.43333333333333335
0 0.46264 0.2600900900900901 0.11903999999999997 0.1434234234234234
0 0.32992 0.29081081081081084 0.11724000000000001 0.15573573573573576