0 0.31114285714285717 0.3697256097560976 0.04679591836734695 0.07128048780487808
0 0.8507142857142858 0.3748170731707317 0.0679591836734693 0.11445121951219514
0 0.7252857142857143 0.37670731707317073 0.04683673469387764 0.08524390243902437
0 0.0789795918367347 0.3786280487804878 0.039979591836734704 0.08143292682926827
0 0.49057142857142855 0.3817987804878049 0.029816326530612274 0.06237804878048783
0 0.21546938775510205 0.38307926829268296 0.042551020408163255 0.06999999999999998
0 0.5760408163265306 0.3951524390243903 0.04597959183673464 0.07634146341463416
0 0.44932653061224487 0.39704268292682926 0.03746938775510207 0.07253048780487807
2 0.49610204081632653 0.45740853658536584 0.04757142857142858 0.09923780487804881
2 0.317530612244898 0.4764634146341463 0.09697959183673466 0.147530487804878
2 0.2163265306122449 0.4783536585365854 0.09526530612244899 0.1360975609756097
2 0.08277551020408164 0.4850609756097561 0.09308163265306123 0.1507926829268292
2 0.5790204081632654 0.504420731707317 0.09275510204081643 0.1500914634146342
2 0.7201836734693877 0.5101219512195122 0.10467346938775503 0.18692073170731707
2 0.45018367346938776 0.5209451219512196 0.08848979591836738 0.2009146341463414
2 0.8600612244897959 0.5209451219512196 0.1310408163265307 0.20344512195121955