0 0.51762 0.4774933333333333 0.04533999999999998 0.08730666666666669
0 0.6664800000000001 0.48416 0.04775999999999999 0.07192000000000007
0 0.4807 0.48674666666666666 0.046960000000000036 0.07912000000000004
1 0.59148 0.4898133333333334 0.06698000000000001 0.0709066666666666
0 0.37107999999999997 0.50416 0.04158000000000004 0.06269333333333331
1 0.27762 0.5113599999999999 0.037720000000000024 0.05450666666666666
0 0.19491999999999998 0.5154666666666667 0.04925999999999999 0.0770666666666666
2 0.5957 0.5816266666666667 0.08609999999999991 0.11709333333333324
2 0.473 0.5852266666666667 0.0685 0.15096000000000004
2 0.6849400000000001 0.58728 0.08918000000000006 0.1468533333333333
2 0.52108 0.5939466666666666 0.07225999999999999 0.14991999999999991
2 0.27838 0.59496 0.07155999999999997 0.11096000000000003
2 0.37686000000000003 0.6026666666666667 0.08079999999999996 0.1345333333333333
2 0.19491999999999998 0.6165066666666666 0.08309999999999997 0.12735999999999997