0 0.14679999999999999 0.3016 0.052783333333333314 0.08862500000000004
0 0.23673333333333332 0.312525 0.06595 0.09994999999999997
1 0.4311833333333333 0.3464 0.032666666666666705 0.06362499999999997
1 0.32493333333333335 0.348475 0.04794999999999997 0.07612499999999997
1 0.7110666666666666 0.35109999999999997 0.047983333333333274 0.09174999999999997
1 0.48778333333333335 0.36877499999999996 0.04580000000000003 0.09367500000000006
1 0.7878000000000001 0.3714 0.09589999999999994 0.10532499999999999
1 0.5805 0.3787 0.04658333333333341 0.07405
1 0.6503 0.3839 0.03616666666666674 0.07405
2 0.14603333333333335 0.4155 0.09363333333333335 0.16177499999999995
2 0.22808333333333333 0.44145 0.10123333333333334 0.19790000000000008
2 0.4223166666666666 0.4434 0.07443333333333328 0.140625
1 0.8923166666666666 0.449025 0.03410000000000006 0.035524999999999946
2 0.32680000000000003 0.455875 0.08840000000000003 0.14980000000000004
2 0.58515 0.468375 0.07171666666666662 0.13632500000000008
2 0.71905 0.4756 0.08061666666666667 0.197025
2 0.6506333333333333 0.48025 0.052033333333333376 0.129075
2 0.4857833333333334 0.493375 0.1037833333333333 0.17095
2 0.8919666666666666 0.49902500000000005 0.04730000000000018 0.07305000000000007
2 0.7905833333333334 0.512025 0.08326666666666672 0.18844999999999998