1 0.69602 0.42624 0.06566000000000008 0.10202666666666664
1 0.78066 0.4395733333333333 0.0835 0.11917333333333333
1 0.58316 0.44576 0.04424000000000001 0.07439999999999994
1 0.53852 0.44624 0.042180000000000065 0.06391999999999992
1 0.65066 0.44909333333333334 0.04648000000000002 0.08487999999999996
1 0.3385 0.45624000000000003 0.046460000000000036 0.08010666666666671
1 0.42813999999999997 0.4733866666666667 0.03575999999999999 0.043919999999999924
2 0.42636 0.5314933333333334 0.07362 0.08013333333333336
2 0.51352 0.5348266666666667 0.07648000000000002 0.11349333333333333
2 0.57602 0.5519733333333333 0.10138000000000011 0.1477866666666667
2 0.32727999999999996 0.5565333333333333 0.11268000000000006 0.15055999999999994
2 0.72208 0.5572266666666666 0.09066000000000009 0.20208000000000007
2 0.6560199999999999 0.5677066666666666 0.0770999999999999 0.17349333333333333
2 0.82174 0.6148533333333334 0.14994000000000005 0.2678133333333333