0 0.36509181969949916 0.36294117647058827 0.055358931552587594 0.09954248366013072
0 0.2576126878130217 0.3677124183006536 0.05116861435726207 0.09819172113289759
0 0.529432387312187 0.3799782135076253 0.05015025041736221 0.09274509803921567
0 0.39692821368948245 0.40858387799564266 0.05430717863105171 0.09546840958605662
0 0.6483973288814691 0.41333333333333333 0.056427378964941495 0.09684095860566447
0 0.8023038397328881 0.428322440087146 0.05747913188647738 0.09956427015250542
0 0.2931051752921536 0.4371677559912854 0.05534223706176958 0.10638344226579517
0 0.5002170283806344 0.4405882352941176 0.05223706176961596 0.0886710239651416
0 0.19031719532554256 0.4467102396514161 0.06263772954924875 0.10910675381263613
0 0.5988313856427379 0.44738562091503264 0.053288814691151855 0.08322440087145967
3 0.3953589315525876 0.5686056644880174 0.11587646076794653 0.2221786492374728
2 0.8257762938230384 0.5808278867102397 0.1251252086811353 0.22723311546840955
3 0.7209015025041736 0.5842701525054467 0.11782971619365616 0.21538126361655777
3 0.6082136894824708 0.5849455337690632 0.103372287145242 0.20583877995642705
2 0.49866444073455757 0.5917211328976035 0.1263105175292153 0.21361655773420477
3 0.2863105175292154 0.5944880174291939 0.12317195325542567 0.2358169934640523
3 0.17153589315525877 0.6047058823529412 0.1356761268781302 0.23444444444444448