0 0.16852000000000003 0.20448598130841122 0.25989999999999996 0.20238317757009347
0 0.46102 0.21523364485981308 0.14986000000000008 0.11894080996884737
0 0.33227999999999996 0.21621495327102805 0.10737999999999999 0.15982866043613708
0 0.8523 0.231791277258567 0.11231999999999993 0.13257009345794393
0 0.76354 0.24152647975077882 0.14018000000000005 0.15205607476635516
0 0.62978 0.3642056074766355 0.15733999999999992 0.12093457943925232
2 0.48354 0.39633956386292835 0.19515999999999997 0.21637071651090337
2 0.8160599999999999 0.42166666666666663 0.28018000000000004 0.26700934579439245
2 0.18602000000000005 0.5307320872274144 0.35014 0.4812616822429907
2 0.33977999999999997 0.5365732087227415 0.18238 0.5046261682242991
2 0.6210399999999999 0.5579750778816199 0.18516000000000007 0.25926791277258576