0 0.0844923076923077 0.2348498845265589 0.11413846153846154 0.16963048498845262
1 0.5216923076923077 0.2512471131639723 0.08084615384615378 0.10988452655889148
1 0.8011846153846154 0.25508083140877597 0.06292307692307697 0.11757505773672054
1 0.33706153846153847 0.26279445727482686 0.06789230769230768 0.1252886836027714
1 0.9528153846153847 0.284919168591224 0.09436923076923065 0.13491916859122405
2 0.6607846153846154 0.3907621247113164 0.13069230769230777 0.24618937644341804
2 0.5178307692307692 0.42251732101616624 0.12941538461538463 0.28274826789838337
2 0.3466769230769231 0.45812933025404157 0.13839999999999997 0.2731177829099307
2 0.8268153846153845 0.4590993071593533 0.1550307692307692 0.30967667436489604
2 0.07781538461538462 0.5254965357967667 0.15561538461538463 0.4424711316397228
2 0.22423076923076923 0.5274133949191686 0.18072307692307693 0.5387066974595843
2 0.9329384615384615 0.5399307159353348 0.134123076923077 0.41360277136258655
0 0.22550769230769233 0.1877367205542725 0.12687692307692305 0.22533487297921473
0 0.6575846153846154 0.21083140877598153 0.06804615384615387 0.12526558891454967