0 0.7399333333333334 0.3547222222222222 0.06229333333333337 0.16502777777777777
0 0.5545866666666667 0.364 0.07561333333333338 0.16872222222222225
0 0.8594933333333333 0.3760277777777778 0.06675999999999992 0.16316666666666668
1 0.40392 0.38899999999999996 0.05516000000000001 0.15208333333333332
1 0.3101333333333333 0.4278888888888889 0.05958666666666666 0.16319444444444445
1 0.18613333333333332 0.47605555555555557 0.06580000000000001 0.16691666666666677
1 0.49591999999999997 0.5584722222222223 0.05605333333333328 0.16880555555555551
3 0.7408266666666666 0.6066388888888888 0.13697333333333336 0.33922222222222226
3 0.5679333333333333 0.6085 0.12717333333333333 0.3429166666666667
2 0.40525333333333335 0.6307222222222222 0.13249333333333335 0.3429166666666667
3 0.8723733333333333 0.6307222222222222 0.1528133333333332 0.3577499999999999
2 0.30702666666666667 0.6733333333333333 0.14404000000000003 0.33183333333333326
2 0.18790666666666667 0.7427777777777778 0.1671466666666667 0.37816666666666665
2 0.50348 0.7454999999999999 0.15284 0.2941666666666666