0 0.21785714285714286 0.31841772151898734 0.13449999999999998 0.3204113924050633
0 0.8008571428571429 0.41060126582278483 0.14276785714285722 0.3074050632911392
0 0.9169464285714286 0.47107594936708863 0.1123035714285715 0.2124683544303797
0 0.4831071428571429 0.4822468354430379 0.11246428571428575 0.2199367088607595
0 0.017535714285714286 0.4925 0.03507142857142857 0.13987341772151896
0 0.3218571428571429 0.5055379746835443 0.10080357142857141 0.21063291139240506
2 0.14905357142857142 0.6917405063291139 0.24058928571428564 0.605379746835443
2 0.8089285714285714 0.7721518987341772 0.2642857142857143 0.45569620253164556
2 0.94375 0.7816455696202531 0.1125 0.43670886075949367
2 0.3255357142857143 0.7941455696202532 0.15017857142857147 0.3782911392405063
2 0.47626785714285713 0.7987658227848101 0.23525000000000001 0.40246835443037976