1 0.7365454545454546 0.3561893203883495 0.037581818181818105 0.05533980582524275
1 0.42574545454545454 0.3624029126213592 0.029163636363636402 0.048519417475728174
1 0.36972727272727274 0.40839805825242714 0.018600000000000033 0.029878640776699033
2 0.42723636363636364 0.4363592233009709 0.07270909090909093 0.10618932038834951
2 0.36887272727272724 0.45864077669902914 0.048199999999999986 0.07728155339805819
2 0.7365454545454546 0.4623300970873786 0.07234545454545448 0.16038834951456307
1 0.024963636363636365 0.5111650485436893 0.04992727272727273 0.06055825242718444
1 0.16950909090909091 0.5111893203883495 0.037745454545454526 0.06082524271844661
2 0.16807272727272726 0.5853155339805826 0.08885454545454546 0.12118932038834954
2 0.03807272727272727 0.6183495145631068 0.07614545454545454 0.17106796116504858
1 0.5072909090909091 0.7137864077669902 0.00005454545454540494 0.0011407766990291924