1 0.74812 0.29 0.035380000000000106 0.07307471264367818
1 0.57266 0.30698275862068963 0.037220000000000024 0.05215517241379312
3 0.12582 0.31482758620689655 0.08362 0.17235632183908048
0 0.384 0.3233333333333333 0.049059999999999944 0.08479885057471262
3 0.46492 0.32658045977011496 0.0745 0.14899425287356324
2 0.6431 0.3454885057471265 0.06357999999999993 0.16063218390804598
2 0.8372 0.3468103448275862 0.08627999999999997 0.1423275862068965
2 0.6358400000000001 0.3481034482758621 0.07083999999999992 0.16063218390804598
1 0.94312 0.35793103448275865 0.049 0.07827586206896554
2 0.59356 0.39123563218390806 0.07188000000000011 0.13709770114942527
3 0.369 0.4010344827586207 0.07913999999999999 0.14640804597701146
3 0.75402 0.4069252873563219 0.1073599999999999 0.1607758620689655
0 0.41446 0.4337068965517242 0.05722000000000003 0.0834770114942529
0 0.18172 0.43566091954022995 0.04998000000000002 0.08999999999999998
2 0.94766 0.44936781609195403 0.07827999999999997 0.13597701149425284
3 0.39582 0.5179310344827587 0.10360000000000003 0.1422701149425287
1 0.64766 0.5186206896551724 0.045519999999999984 0.08083333333333333
3 0.17443999999999998 0.5525862068965518 0.08634000000000003 0.1827011494252873
2 0.6640199999999999 0.6113793103448275 0.07629999999999995 0.15169540229885065
0 0.319 0.9098850574712644 0.04996000000000004 0.08459770114942544
3 0.293 0.9382183908045977 0.062 0.1235632183908046
1 0.6640199999999999 0.1332471264367816 0.03994000000000005 0.057442528735632166
1 0.53174 0.14761494252873564 0.03540000000000009 0.0679022988505747
1 0.6776599999999999 0.19267241379310343 0.04916000000000008 0.0639655172413793
2 0.5431 0.1939655172413793 0.08733999999999997 0.12410919540229884
0 0.13444 0.21031609195402298 0.04634000000000002 0.08614942528735631
0 0.47764 0.24166666666666664 0.03996000000000004 0.0861494252873563
1 0.83494 0.24428160919540232 0.03809999999999991 0.06522988505747124
1 0.60856 0.2566954022988506 0.03642000000000007 0.06916666666666664
2 0.70448 0.2736781609195402 0.07355999999999994 0.15287356321839085