1 0.31862 0.33463855421686745 0.027799999999999953 0.05620481927710842
1 0.94694 0.3441867469879518 0.04290000000000009 0.07996987951807233
1 0.39283999999999997 0.3522590361445783 0.03293999999999994 0.04963855421686744
1 0.35252 0.35370481927710845 0.024539999999999965 0.04475903614457835
2 0.2953 0.39162650602409643 0.07926 0.09512048192771079
1 0.47316 0.3993975903614458 0.04132000000000005 0.08171686746987951
2 0.17737999999999998 0.4133433734939759 0.1438 0.28451807228915654
2 0.74648 0.41481927710843375 0.06455999999999995 0.2225903614457832
2 0.35337999999999997 0.42756024096385536 0.03844000000000006 0.12295180722891565
2 0.38762 0.42756024096385536 0.05612 0.11599397590361443
2 0.50954 0.4281024096385542 0.10765999999999996 0.14472891566265064
2 0.88742 0.44629518072289154 0.1188599999999999 0.26382530120481923
2 0.95994 0.45906626506024095 0.058180000000000065 0.18713855421686745
2 0.69428 0.4651204819277108 0.0950999999999999 0.26382530120481923
1 0.0206 0.17484939759036144 0.0412 0.08246987951807228
1 0.21425999999999998 0.253433734939759 0.05910000000000002 0.10864457831325298
1 0.72964 0.27789156626506023 0.05092000000000007 0.08548192771084336
1 0.8699600000000001 0.27936746987951805 0.06329999999999995 0.1156024096385542
1 0.6735 0.28617469879518076 0.06522000000000003 0.12153614457831323