0 0.8771 0.3433866666666667 0.07794000000000005 0.14389333333333332
0 0.6610199999999999 0.3686133333333333 0.05707999999999993 0.07994666666666668
0 0.7350599999999999 0.37005333333333335 0.04196000000000004 0.08103999999999996
0 0.19240000000000002 0.37872 0.05398000000000002 0.08255999999999998
0 0.4535 0.3881333333333334 0.04932000000000005 0.07914666666666668
0 0.41064 0.40672 0.04217999999999995 0.07248000000000002
2 0.73642 0.46608 0.07392000000000007 0.14551999999999998
2 0.45389999999999997 0.49144 0.10296000000000004 0.1428533333333333
2 0.6724199999999999 0.4927733333333333 0.10007999999999993 0.19351999999999997
2 0.2049 0.4967733333333333 0.10504000000000002 0.18018666666666666
2 0.973 0.496 0.054 0.17066666666666666
2 0.8739199999999999 0.5007733333333333 0.17692000000000008 0.2202133333333333