0 0.66492 0.43704 0.08007999999999993 0.11045333333333338
0 0.53628 0.44551999999999997 0.07188000000000005 0.1153066666666667
0 0.39344 0.4544 0.06579999999999996 0.13168
0 0.24058000000000004 0.46392 0.07150000000000002 0.11642666666666673
0 0.11058 0.4725066666666667 0.07434 0.11071999999999996
0 0.9008400000000001 0.4837066666666666 0.07553999999999997 0.12381333333333334
0 0.79584 0.48674666666666666 0.06918000000000006 0.11048000000000002
2 0.68202 0.59064 0.15705999999999995 0.20984000000000008
2 0.52844 0.5992 0.15563999999999992 0.20410666666666666
2 0.37416000000000005 0.60968 0.14708000000000004 0.19077333333333332
2 0.242 0.62112 0.13994000000000004 0.2022133333333333
2 0.09914 0.62968 0.17434 0.21175999999999992
2 0.91918 0.6315999999999999 0.1398799999999999 0.19650666666666666
2 0.8041799999999999 0.6363466666666666 0.1099000000000001 0.20984000000000008