0 0.1323359375 0.22805392731535756 0.06251562499999999 0.12082063305978898
0 0.30343749999999997 0.24099648300117232 0.053156249999999974 0.11153575615474794
0 0.7257265625 0.26620164126611956 0.060226562499999935 0.12444314185228603
0 0.3753203125000001 0.272063305978898 0.05941406250000001 0.11975381008206328
0 0.48703906249999995 0.27382180539273154 0.06254687499999996 0.11623681125439622
0 0.8175234375 0.2820398593200469 0.07976562499999992 0.13499413833528726
0 0.21007812499999998 0.2832121922626026 0.07267968749999998 0.1232708089097304
0 0.598375 0.33479484173505275 0.06021093749999995 0.12329425556858147
3 0.30148437499999997 0.408042203985932 0.09768749999999997 0.22055099648300117
3 0.11163281249999998 0.40805392731535756 0.136734375 0.251031652989449
3 0.7198671875 0.4238804220398593 0.12663281249999994 0.21
3 0.494078125 0.4344314185228605 0.12035937499999996 0.21939038686987103
3 0.3745390625 0.44494724501758504 0.12660156250000004 0.2332121922626025
3 0.2135859375 0.46135990621336465 0.126546875 0.2308558030480656
3 0.8413515625000001 0.4625791324736225 0.17571093749999997 0.2569167643610785
3 0.606578125 0.5053341148886283 0.11401562500000004 0.23670574443141848