1 0.4236390977443609 0.26745989304812834 0.053759398496240604 0.11096256684491979
2 0.6395488721804512 0.4059625668449198 0.1354135338345864 0.330668449197861
2 0.2958195488721804 0.4107486631016043 0.12464661654135337 0.32112299465240646
2 0.11535338345864661 0.41842245989304816 0.1332330827067669 0.32871657754010697
2 0.7544812030075189 0.42697860962566847 0.15030075187969932 0.2924598930481283
2 0.4236390977443609 0.43844919786096254 0.1096240601503759 0.26954545454545453
2 0.5246015037593985 0.43941176470588234 0.13097744360902258 0.2829144385026738
1 0.6454586466165414 0.1996524064171123 0.06989473684210529 0.131951871657754
1 0.31085714285714283 0.20919786096256685 0.06664661654135337 0.13577540106951871
1 0.14221052631578945 0.21208556149732619 0.06878195488721806 0.14149732620320857
1 0.7378345864661654 0.2273529411764706 0.06775939849624069 0.13767379679144387
1 0.5262255639097745 0.24740641711229946 0.0634436090225563 0.11668449197860958