2 0.6953846153846154 0.40809677419354834 0.14585607940446643 0.2620967741935483
2 0.8399007444168735 0.41467741935483876 0.1604466501240694 0.2749677419354839
2 0.5370223325062035 0.4166451612903226 0.17379652605459062 0.24503225806451606
2 0.3268238213399504 0.42229032258064514 0.15612903225806454 0.2408064516129033
2 0.16042183622828785 0.4470322580645162 0.19419354838709676 0.2791612903225807
1 0.8311910669975187 0.23080645161290322 0.0678411910669976 0.10180645161290323
1 0.6846898263027296 0.2419677419354839 0.06687344913151376 0.10677419354838708
1 0.5305459057071961 0.25067741935483867 0.062084367245657524 0.09935483870967743
1 0.1583374689826303 0.2655483870967742 0.07161290322580646 0.12167741935483871
1 0.3363275434243176 0.27299999999999996 0.066848635235732 0.11177419354838712
1 0.4957071960297767 0.2767096774193548 0.045856079404466545 0.06461290322580646