1 0.4026625 0.20521575984990617 0.04534999999999997 0.07969981238273922
1 0.851125 0.20641651031894934 0.04851249999999993 0.09386491557223264
1 0.66595 0.2128517823639775 0.046937499999999945 0.08801125703564727
1 0.2421125 0.2275234521575985 0.04142499999999998 0.08919324577861162
1 0.54525 0.22868667917448404 0.04614999999999995 0.09153846153846153
1 0.145625 0.23103189493433396 0.04532499999999999 0.09388367729831143
1 0.6053999999999999 0.2322138836772983 0.03989999999999995 0.08919324577861162
1 0.5745375 0.24159474671669795 0.023387500000000047 0.04697936210131333
1 0.4593 0.2533208255159475 0.03051249999999996 0.056360225140712955
2 0.4100875 0.31898686679174487 0.10863749999999996 0.164108818011257
2 0.60345 0.32193245778611634 0.07349999999999994 0.13964352720450282
2 0.25695 0.32307692307692304 0.10388750000000002 0.15589118198874302
2 0.6671250000000001 0.3248405253283302 0.11166249999999998 0.1711444652908068
2 0.8523000000000001 0.32894934333958725 0.12273750000000007 0.17699812382739208
2 0.46555 0.3336397748592871 0.05855000000000004 0.12774859287054405
2 0.1507 0.34125703564727955 0.113275 0.15236397748592867
2 0.5362625 0.35005628517823645 0.10307500000000004 0.16996247654784236