0 0.131767578125 0.3918576388888889 0.0729296875 0.15175347222222227
0 0.032900390625 0.3976388888888889 0.06580078125 0.19803819444444443
0 0.316015625 0.40515625 0.04559570312500005 0.11586805555555557
0 0.469990234375 0.4196354166666667 0.041054687499999964 0.09619791666666672
0 0.668896484375 0.42137152777777775 0.03781250000000003 0.10197916666666663
0 0.524033203125 0.42770833333333336 0.03577148437500011 0.08439236111111113
0 0.197841796875 0.44680555555555557 0.061845703124999984 0.11564236111111113
0 0.70275390625 0.44680555555555557 0.0572363281249999 0.0994270833333333
0 0.585556640625 0.45262152777777775 0.04041015625000011 0.0881076388888889
0 0.846962890625 0.47923611111111114 0.06452148437499994 0.10663194444444442
2 0.6526171875 0.5504513888888889 0.04562500000000003 0.18421875000000001
2 0.3088671875 0.5548958333333334 0.096806640625 0.20069444444444448
2 0.45892578125000005 0.5597048611111111 0.08792968750000002 0.2027430555555555
2 0.530537109375 0.5626041666666667 0.06832031250000004 0.1900173611111112
2 0.595 0.5695486111111111 0.09305664062499996 0.18307291666666675
2 0.695947265625 0.5966840277777777 0.07716796874999998 0.23024305555555558
2 0.11576171875000002 0.5967361111111111 0.11010742187500001 0.3254166666666667
2 0.192109375 0.6187847222222222 0.07100585937499998 0.2554861111111111
2 0.84955078125 0.6432986111111112 0.0986328125 0.22597222222222216
2 0.036123046875 0.6692881944444444 0.07224609375 0.36597222222222214