0 0.06094 0.37966666666666665 0.062139999999999994 0.10512121212121207
1 0.73414 0.39003030303030306 0.05272000000000003 0.09075757575757572
1 0.85466 0.39081818181818184 0.058 0.09872727272727268
1 0.40728 0.3963939393939394 0.04322000000000003 0.0811818181818182
0 0.3178 0.4035757575757576 0.05574000000000001 0.0955454545454545
1 0.19358 0.4091818181818182 0.04944 0.08436363636363634
1 0.5862200000000001 0.46021212121212124 0.0558599999999999 0.09393939393939393
2 0.408 0.5285151515151515 0.09244000000000005 0.21190909090909094
2 0.18424000000000001 0.5360909090909091 0.13746000000000003 0.19675757575757577
2 0.05211999999999999 0.537969696969697 0.10422 0.23842424242424246
2 0.31426 0.5379999999999999 0.10244000000000006 0.20054545454545455
2 0.74614 0.5465151515151515 0.12116000000000009 0.23651515151515154
2 0.86552 0.555969696969697 0.11990000000000009 0.24030303030303032
2 0.58426 0.573030303030303 0.11242000000000008 0.16833333333333336