1 0.6503153153153154 0.26372 0.059969969969970054 0.10562
1 0.2599099099099099 0.26918000000000003 0.05738738738738734 0.10926
1 0.8637687687687687 0.28254 0.04701201201201193 0.08260000000000002
1 0.4503303303303304 0.2837 0.05603603603603611 0.10167999999999998
0 0.7661711711711712 0.29568 0.043243243243243176 0.06884000000000003
1 0.5404654654654655 0.30756 0.03289789789789785 0.06260000000000002
2 0.5507807807807807 0.37068 0.07783783783783789 0.08615999999999997
2 0.8670420420420422 0.38068 0.12285285285285276 0.13365999999999997
2 0.7642792792792793 0.38442000000000004 0.09564564564564572 0.12115999999999996
2 0.6685585585585585 0.38944 0.1389639639639639 0.1614
2 0.26174174174174175 0.40068 0.1511261261261261 0.17865999999999996
2 0.4677327327327327 0.4063 0.12581081081081075 0.17239999999999997