1 0.6874444444444445 0.29517857142857146 0.0549166666666667 0.09432539682539684
1 0.5666111111111111 0.29716269841269843 0.05213888888888884 0.08837301587301588
1 0.223 0.3088293650793651 0.06340277777777775 0.1216468253968254
1 0.39715277777777774 0.31105158730158733 0.03127777777777775 0.07051587301587306
1 0.3377777777777778 0.3120436507936508 0.05280555555555553 0.08638888888888893
1 0.4259722222222222 0.32789682539682535 0.04726388888888885 0.09238095238095238
1 0.5096666666666666 0.34825396825396826 0.053513888888888854 0.09333333333333338
1 0.7631527777777778 0.36908730158730163 0.06465277777777771 0.10128968253968257
2 0.5593194444444444 0.43605158730158733 0.1207916666666667 0.21124999999999994
2 0.43743055555555554 0.4449801587301587 0.11038888888888891 0.17749999999999996
2 0.21729166666666666 0.44597222222222227 0.10345833333333335 0.2172023809523809
2 0.33499999999999996 0.446468253968254 0.11530555555555554 0.19039682539682537
2 0.6874444444444445 0.45692460317460315 0.10769444444444447 0.25908730158730153
2 0.7707777777777778 0.5084722222222222 0.10202777777777783 0.21916666666666668