0 0.348 0.3901127819548872 0.08995000000000002 0.18969924812030078
0 0.45362499999999994 0.42488721804511276 0.08867500000000007 0.1652255639097745
0 0.7342749999999999 0.42582706766917294 0.10490000000000009 0.216015037593985
0 0.142375 0.4342857142857143 0.133725 0.21785714285714292
0 0.578025 0.4625187969924812 0.09242499999999992 0.1765037593984962
1 0.8936499999999999 0.46439849624060153 0.13865000000000008 0.2183082706766917
2 0.45799999999999996 0.6223308270676692 0.12242500000000006 0.2672180451127819
2 0.5705250000000001 0.6712406015037594 0.15992499999999993 0.3386842105263159
2 0.339275 0.6721804511278195 0.18507500000000005 0.374436090225564
2 0.7217749999999999 0.6862781954887218 0.22992500000000007 0.36879699248120307
2 0.9 0.7406015037593985 0.2 0.42105263157894735
2 0.124025 0.7518796992481203 0.24802500000000002 0.49624060150375937