0 0.21710069444444444 0.33203125 0.08524305555555556 0.1015625
0 0.8127604166666667 0.34765625 0.10989583333333333 0.13802083333333334
0 0.6313368055555556 0.3515625 0.09427083333333333 0.08333333333333333
0 0.5296875 0.3697916666666667 0.08541666666666667 0.11458333333333333
0 0.11380208333333333 0.3697916666666667 0.1078125 0.08854166666666667
0 0.365625 0.3736979166666667 0.08715277777777777 0.11197916666666667
0 0.7355034722222222 0.4309895833333333 0.10121527777777778 0.1015625
3 0.62265625 0.5651041666666666 0.15329861111111112 0.5208333333333334
3 0.5278645833333333 0.5703125 0.15503472222222223 0.4791666666666667
3 0.35520833333333335 0.5729166666666666 0.17048611111111112 0.5
3 0.7371527777777778 0.59375 0.12222222222222222 0.453125
2 0.22230902777777778 0.6106770833333334 0.1234375 0.3515625
4 0.5262152777777778 0.6171875 0.12708333333333333 0.3229166666666667
4 0.6296006944444444 0.6263020833333334 0.11857638888888888 0.3098958333333333
4 0.34739583333333335 0.6302083333333334 0.14791666666666667 0.3333333333333333
3 0.8353298611111111 0.6380208333333334 0.17586805555555557 0.7239583333333334
3 0.23098958333333333 0.6432291666666666 0.10954861111111111 0.7135416666666666
2 0.11987847222222223 0.6549479166666666 0.10954861111111111 0.3463541666666667
3 0.12682291666666667 0.6549479166666666 0.14427083333333332 0.6692708333333334
4 0.8283854166666667 0.6875 0.13420138888888888 0.421875