0 0.1511111111111111 0.12041666666666667 0.13333333333333333 0.12416666666666666
0 0.6591666666666667 0.17666666666666667 0.13166666666666665 0.125
0 0.3863888888888889 0.18333333333333332 0.12611111111111112 0.12166666666666667
0 0.88 0.18708333333333332 0.15777777777777777 0.1525
3 0.12861111111111112 0.5304166666666666 0.24833333333333332 0.9391666666666667
3 0.6491666666666667 0.5529166666666666 0.245 0.8941666666666667
3 0.8783333333333333 0.5554166666666667 0.21 0.8891666666666667
4 0.12861111111111112 0.5583333333333333 0.22944444444444445 0.5666666666666667
3 0.38055555555555554 0.5595833333333333 0.24444444444444444 0.8808333333333334
4 0.38166666666666665 0.61 0.22777777777777777 0.525
4 0.6575 0.6333333333333333 0.22055555555555556 0.5216666666666666
4 0.8908333333333334 0.6904166666666667 0.20944444444444443 0.6191666666666666