3 0.1125 0.3215686274509804 0.04264705882352941 0.1607843137254902
3 0.04191176470588235 0.3284313725490196 0.04264705882352941 0.1627450980392157
3 0.2051470588235294 0.34901960784313724 0.04264705882352941 0.17647058823529413
3 0.2514705882352941 0.3519607843137255 0.04411764705882353 0.17058823529411765
0 0.16323529411764706 0.3607843137254902 0.09411764705882353 0.11372549019607843
0 0.8198529411764706 0.36666666666666664 0.054411764705882354 0.07058823529411765
0 0.6264705882352941 0.3735294117647059 0.07647058823529412 0.07647058823529412
0 0.7455882352941177 0.39019607843137255 0.06470588235294118 0.0784313725490196
0 0.3286764705882353 0.4117647058823529 0.08088235294117647 0.10196078431372549
2 0.7514705882352941 0.4872549019607843 0.09705882352941177 0.12352941176470589
2 0.6183823529411765 0.5411764705882353 0.10147058823529412 0.2196078431372549
2 0.12352941176470589 0.5549019607843138 0.11764705882352941 0.2627450980392157
3 0.8308823529411765 0.5627450980392157 0.09117647058823529 0.4549019607843137
3 0.6147058823529412 0.5813725490196079 0.10588235294117647 0.503921568627451
3 0.7529411764705882 0.5823529411764706 0.12352941176470589 0.4745098039215686
2 0.3382352941176471 0.6019607843137255 0.12352941176470589 0.24313725490196078
3 0.13161764705882353 0.6441176470588236 0.13970588235294118 0.6882352941176471
3 0.3397058823529412 0.6754901960784314 0.15294117647058825 0.6294117647058823