0 0.4275 0.2541371158392435 0.125 0.12529550827423167
0 0.7591666666666667 0.2541371158392435 0.09166666666666666 0.09219858156028368
0 0.235 0.2553191489361702 0.12 0.10874704491725769
0 0.8675 0.30851063829787234 0.085 0.09219858156028368
0 0.6241666666666666 0.3203309692671395 0.085 0.09219858156028368
2 0.7708333333333334 0.5130023640661938 0.07833333333333334 0.28368794326241137
2 0.20666666666666667 0.5153664302600472 0.17333333333333334 0.3546099290780142
2 0.8683333333333333 0.5224586288416075 0.08 0.24113475177304963
3 0.43 0.5921985815602837 0.23666666666666666 0.8156028368794326
3 0.20333333333333334 0.5981087470449172 0.18333333333333332 0.8037825059101655
2 0.6458333333333334 0.6016548463356974 0.165 0.375886524822695
3 0.7566666666666667 0.6087470449172577 0.13333333333333333 0.7825059101654847
2 0.43416666666666665 0.6276595744680851 0.21166666666666667 0.475177304964539
3 0.8716666666666667 0.6276595744680851 0.10333333333333333 0.7446808510638298
3 0.6475 0.6430260047281324 0.18833333333333332 0.7139479905437353