0 0.37 0.342485549132948 0.038181818181818185 0.03757225433526012
3 0.6681818181818182 0.3439306358381503 0.11454545454545455 0.3872832369942196
0 0.12363636363636364 0.3439306358381503 0.04363636363636364 0.05202312138728324
0 0.1809090909090909 0.3554913294797688 0.02727272727272727 0.046242774566473986
0 0.4581818181818182 0.3598265895953757 0.03636363636363636 0.049132947976878616
4 0.12636363636363637 0.44508670520231214 0.045454545454545456 0.13872832369942195
2 0.37727272727272726 0.4595375722543353 0.056363636363636366 0.14450867052023122
2 0.18727272727272729 0.4667630057803468 0.06545454545454546 0.14739884393063585
2 0.4709090909090909 0.47398843930635837 0.06181818181818182 0.1329479768786127
3 0.1190909090909091 0.5 0.06727272727272728 0.3815028901734104
3 0.18727272727272729 0.5014450867052023 0.07636363636363637 0.3265895953757225
3 0.3790909090909091 0.5043352601156069 0.09272727272727273 0.3554913294797688
3 0.47 0.5303468208092486 0.07818181818181819 0.3786127167630058