0 0.16175 0.38866666666666666 0.0715 0.06933333333333333
0 0.581625 0.4305 0.04025 0.041
0 0.4875 0.4345 0.0405 0.028333333333333332
0 0.736625 0.44116666666666665 0.06125 0.05433333333333333
0 0.837625 0.44333333333333336 0.06325 0.04533333333333334
0 0.23275 0.4445 0.0535 0.04766666666666667
0 0.31675 0.45116666666666666 0.0415 0.061
0 0.646625 0.454 0.03775 0.032
0 0.40825 0.4573333333333333 0.0375 0.034
2 0.57775 0.5343333333333333 0.085 0.13933333333333334
2 0.48975 0.554 0.0675 0.16
2 0.657625 0.5543333333333333 0.07325 0.126
2 0.745375 0.5586666666666666 0.08025 0.15
2 0.14025 0.5616666666666666 0.0985 0.23533333333333334
2 0.40175 0.5628333333333333 0.0715 0.131
2 0.30975 0.5728333333333333 0.0705 0.14766666666666667
3 0.48525 0.5811666666666667 0.0885 0.3343333333333333
2 0.23325 0.586 0.0845 0.19733333333333333
3 0.40275 0.59 0.0735 0.30666666666666664
3 0.576375 0.5905 0.09025 0.353
2 0.8455 0.5926666666666667 0.112 0.20066666666666666
3 0.658125 0.6115 0.07425 0.36433333333333334
3 0.739375 0.6178333333333333 0.09175 0.3943333333333333
3 0.31375 0.6256666666666667 0.0915 0.37866666666666665
3 0.23625 0.6405 0.0905 0.43966666666666665
3 0.139125 0.65 0.10475 0.5866666666666667
3 0.844125 0.6563333333333333 0.11425 0.4673333333333333