0 0.7053571428571429 0.26517150395778366 0.07142857142857142 0.09762532981530343
4 0.22678571428571428 0.4419525065963061 0.15357142857142858 0.39841688654353563
4 0.6919642857142857 0.5065963060686016 0.1125 0.2796833773087071
3 0.2392857142857143 0.525065963060686 0.2892857142857143 0.9498680738786279
0 0.4017857142857143 0.5606860158311345 0.02857142857142857 0.0395778364116095
0 0.4830357142857143 0.5659630606860159 0.019642857142857142 0.029023746701846966
3 0.7267857142857143 0.575197889182058 0.2571428571428571 0.7229551451187335
4 0.3964285714285714 0.6319261213720316 0.05357142857142857 0.09234828496042216
4 0.48928571428571427 0.6345646437994723 0.04285714285714286 0.0870712401055409
3 0.4919642857142857 0.6517150395778364 0.06964285714285715 0.21108179419525067
3 0.3991071428571429 0.6609498680738787 0.0625 0.2559366754617414
0 0.2830357142857143 0.13984168865435356 0.11607142857142858 0.17941952506596306