0 0.87158203125 0.2080745341614907 0.0517578125 0.06418219461697723
0 0.35009765625 0.21325051759834368 0.0458984375 0.062111801242236024
0 0.701171875 0.2287784679089027 0.056640625 0.055900621118012424
0 0.44384765625 0.2370600414078675 0.0556640625 0.055900621118012424
0 0.20703125 0.23809523809523808 0.046875 0.07039337474120083
0 0.5146484375 0.2453416149068323 0.046875 0.07246376811594203
0 0.03515625 0.2670807453416149 0.048828125 0.07039337474120083
0 0.599609375 0.2732919254658385 0.048828125 0.07039337474120083
0 0.28076171875 0.2919254658385093 0.0517578125 0.07039337474120083
0 0.1162109375 0.3219461697722567 0.046875 0.07246376811594203
4 0.78564453125 0.42960662525879917 0.0810546875 0.32091097308488614
4 0.357421875 0.45652173913043476 0.087890625 0.2712215320910973
4 0.5205078125 0.4616977225672878 0.078125 0.2732919254658385
4 0.21142578125 0.47101449275362317 0.0888671875 0.28778467908902694
4 0.70263671875 0.4772256728778468 0.0791015625 0.2753623188405797
4 0.44580078125 0.4803312629399586 0.0810546875 0.34782608695652173
4 0.6083984375 0.4865424430641822 0.087890625 0.2525879917184265
4 0.8662109375 0.4927536231884058 0.046875 0.3188405797101449
4 0.95166015625 0.49585921325051757 0.0966796875 0.37060041407867494
4 0.28125 0.4989648033126294 0.064453125 0.2484472049689441
4 0.037109375 0.5093167701863354 0.068359375 0.3105590062111801
4 0.12646484375 0.5341614906832298 0.0849609375 0.2650103519668737
3 0.791015625 0.55175983436853 0.107421875 0.8964803312629399
3 0.94970703125 0.5641821946169773 0.1005859375 0.8716356107660456
3 0.3583984375 0.5848861283643892 0.1015625 0.8095238095238095
3 0.4501953125 0.5973084886128365 0.08984375 0.8012422360248447
3 0.70458984375 0.6004140786749482 0.0966796875 0.7991718426501035
3 0.2138671875 0.6014492753623188 0.09765625 0.7971014492753623
3 0.5244140625 0.6045548654244306 0.087890625 0.7908902691511387
3 0.041015625 0.6138716356107661 0.08203125 0.772256728778468
3 0.6162109375 0.6149068322981367 0.1015625 0.7701863354037267
3 0.279296875 0.6283643892339544 0.072265625 0.7432712215320911
3 0.12451171875 0.6387163561076604 0.0830078125 0.722567287784679
0 0.775390625 0.14285714285714285 0.060546875 0.07867494824016563
0 0.8310546875 0.19254658385093168 0.05078125 0.06625258799171843
0 0.94140625 0.19358178053830227 0.083984375 0.09730848861283643