0 0.5869791666666667 0.3059490084985836 0.023958333333333335 0.056657223796033995
0 0.43385416666666665 0.3073654390934844 0.036458333333333336 0.06515580736543909
0 0.23802083333333332 0.31586402266288954 0.040625 0.06515580736543909
0 0.47552083333333334 0.34419263456090654 0.036458333333333336 0.09348441926345609
0 0.17447916666666666 0.35127478753541075 0.046875 0.0906515580736544
0 0.5614583333333333 0.3555240793201133 0.035416666666666666 0.08781869688385269
0 0.38333333333333336 0.3668555240793201 0.041666666666666664 0.0821529745042493
0 0.28229166666666666 0.3781869688385269 0.04791666666666667 0.08781869688385269
0 0.0703125 0.386685552407932 0.05520833333333333 0.08781869688385269
0 0.634375 0.3980169971671388 0.04791666666666667 0.09348441926345609
0 0.12604166666666666 0.43626062322946174 0.052083333333333336 0.07365439093484419
0 0.32760416666666664 0.43909348441926344 0.04895833333333333 0.08498583569405099
0 0.4359375 0.44192634560906513 0.04895833333333333 0.07932011331444759
0 0.221875 0.45609065155807366 0.058333333333333334 0.09631728045325778
0 0.525 0.46175637393767704 0.052083333333333336 0.10764872521246459
4 0.0578125 0.6515580736543909 0.05520833333333333 0.26062322946175637
3 0.059895833333333336 0.6671388101983002 0.08229166666666667 0.6657223796033994
3 0.6385416666666667 0.6728045325779037 0.1 0.6543909348441926
4 0.6307291666666667 0.6770538243626062 0.071875 0.32294617563739375
3 0.3302083333333333 0.6841359773371105 0.10208333333333333 0.6317280453257791
4 0.325 0.6869688385269122 0.0625 0.3087818696883853
3 0.11979166666666667 0.6940509915014165 0.07708333333333334 0.6118980169971672
3 0.21822916666666667 0.7039660056657224 0.07395833333333333 0.5920679886685553
3 0.428125 0.7096317280453258 0.0875 0.5807365439093485
3 0.5265625 0.7138810198300283 0.08854166666666667 0.5722379603399433
4 0.5307291666666667 0.7152974504249292 0.08020833333333334 0.32577903682719545
4 0.21979166666666666 0.7223796033994334 0.06875 0.3286118980169972
4 0.4348958333333333 0.726628895184136 0.06770833333333333 0.2804532577903683
4 0.12291666666666666 0.7308781869688386 0.075 0.32294617563739375
0 0.34791666666666665 0.2804532577903683 0.0375 0.08498583569405099