0 0.6992700729927007 0.4649350649350649 0.043795620437956206 0.046753246753246755
0 0.27956204379562044 0.5 0.033576642335766425 0.05454545454545454
0 0.5116788321167883 0.5207792207792208 0.033576642335766425 0.02857142857142857
3 0.5087591240875913 0.5948051948051948 0.05693430656934306 0.17662337662337663
4 0.22262773722627738 0.6116883116883117 0.08905109489051095 0.17922077922077922
4 0.7124087591240876 0.6428571428571429 0.061313868613138686 0.19480519480519481
3 0.23868613138686132 0.6805194805194805 0.12992700729927006 0.44155844155844154
3 0.6970802919708029 0.6922077922077922 0.11240875912408758 0.522077922077922
0 0.42627737226277373 0.7194805194805195 0.029197080291970802 0.08311688311688312
4 0.5291970802919708 0.7246753246753247 0.09781021897810219 0.11948051948051948
3 0.5014598540145986 0.8324675324675325 0.17956204379562044 0.3246753246753247