0 0.42685185185185187 0.19281524926686217 0.018518518518518517 0.036656891495601175
3 0.42824074074074076 0.2653958944281525 0.058333333333333334 0.17302052785923755
0 0.28703703703703703 0.31378299120234604 0.024074074074074074 0.020527859237536656
0 0.6523148148148148 0.34384164222873903 0.028703703703703703 0.03372434017595308
0 0.5069444444444444 0.34824046920821117 0.01574074074074074 0.030791788856304986
2 0.2773148148148148 0.3563049853372434 0.01574074074074074 0.04105571847507331
0 0.5777777777777777 0.3592375366568915 0.020370370370370372 0.02932551319648094
3 0.2851851851851852 0.37683284457478006 0.053703703703703705 0.16129032258064516
0 0.5435185185185185 0.3775659824046921 0.018518518518518517 0.016129032258064516
3 0.5060185185185185 0.4046920821114369 0.021296296296296296 0.1495601173020528
3 0.6578703703703703 0.4149560117302053 0.03796296296296296 0.17008797653958943
3 0.5685185185185185 0.41642228739002934 0.03518518518518519 0.14076246334310852
3 0.538425925925926 0.43255131964809385 0.03796296296296296 0.16422287390029325
0 0.9291666666666667 0.6048387096774194 0.028703703703703703 0.051319648093841645
3 0.9282407407407407 0.6304985337243402 0.03611111111111111 0.10263929618768329