0 0.638427734375 0.36627906976744184 0.04345703125 0.047238372093023256
0 0.64013671875 0.47474563953488375 0.04736328125 0.05123546511627907
0 0.4586181640625 0.49327761627906974 0.045166015625 0.045421511627906974
0 0.723876953125 0.5023619186046512 0.04248046875 0.046875
0 0.5609130859375 0.5030886627906976 0.049072265625 0.048328488372093026
0 0.360595703125 0.5065406976744186 0.0498046875 0.055232558139534885
0 0.7908935546875 0.5103561046511628 0.036376953125 0.045421511627906974
0 0.124755859375 0.521984011627907 0.0478515625 0.06867732558139535
0 0.2628173828125 0.5586845930232558 0.043212890625 0.039607558139534885
0 0.1943359375 0.5761264534883721 0.0478515625 0.06577034883720931
4 0.5460205078125 0.6262718023255814 0.093994140625 0.19658430232558138
4 0.6339111328125 0.6269985465116279 0.092041015625 0.21039244186046513
4 0.717041015625 0.6275436046511628 0.08642578125 0.19476744186046513
4 0.1102294921875 0.654796511627907 0.101806640625 0.18531976744186046
4 0.4505615234375 0.6575218023255814 0.086181640625 0.203125
4 0.7991943359375 0.6604287790697675 0.081298828125 0.2089389534883721
4 0.3607177734375 0.6709665697674418 0.090087890625 0.20457848837209303
3 0.6314697265625 0.6878633720930233 0.093017578125 0.47747093023255816
4 0.26416015625 0.6954941860465116 0.07470703125 0.18968023255813954
3 0.72705078125 0.6965843023255814 0.091796875 0.47747093023255816
3 0.4573974609375 0.7020348837209303 0.093994140625 0.48401162790697677
3 0.8035888671875 0.703125 0.098876953125 0.4440406976744186
4 0.1859130859375 0.7067587209302325 0.078369140625 0.1867732558139535
3 0.5435791015625 0.7111191860465116 0.091552734375 0.48546511627906974
3 0.363037109375 0.7183866279069767 0.0947265625 0.4789244186046512
3 0.1099853515625 0.71875 0.104248046875 0.4752906976744186
3 0.27001953125 0.739280523255814 0.091796875 0.4226017441860465
3 0.1910400390625 0.7421875 0.062744140625 0.39789244186046513
0 0.56005859375 0.12518168604651161 0.048828125 0.05995639534883721
0 0.474609375 0.14098837209302326 0.0380859375 0.04869186046511628
4 0.5550537109375 0.24654796511627908 0.089111328125 0.17478197674418605
4 0.47216796875 0.2609011627906977 0.09814453125 0.16061046511627908
3 0.4656982421875 0.3026889534883721 0.090576171875 0.3808139534883721
3 0.563720703125 0.3077761627906977 0.1005859375 0.4164244186046512