2 0.699 0.4069069069069069 0.082 0.19519519519519518
2 0.836 0.5015015015015015 0.16 0.34234234234234234
3 0.695 0.5105105105105106 0.11 0.6906906906906907
2 0.396 0.56006006006006 0.124 0.34534534534534533
3 0.831 0.56006006006006 0.186 0.8798798798798799
3 0.199 0.56006006006006 0.198 0.8798798798798799
2 0.193 0.5960960960960962 0.186 0.5075075075075075
3 0.394 0.6081081081081081 0.136 0.7837837837837838
0 0.179 0.16966966966966968 0.162 0.12912912912912913
0 0.797 0.1906906906906907 0.102 0.12312312312312312
0 0.706 0.2012012012012012 0.072 0.07807807807807808
0 0.405 0.26876876876876876 0.082 0.09309309309309309