0 0.7443910256410257 0.4247787610619469 0.12980769230769232 0.1415929203539823
0 0.5160256410256411 0.4424778761061947 0.10897435897435898 0.12389380530973451
0 0.25240384615384615 0.4446902654867257 0.1201923076923077 0.12389380530973451
0 0.39503205128205127 0.5652654867256637 0.10096153846153846 0.11283185840707964
3 0.7668269230769231 0.6758849557522124 0.22596153846153846 0.6482300884955752
3 0.5520833333333334 0.6858407079646017 0.1971153846153846 0.6194690265486725
3 0.21474358974358973 0.6902654867256637 0.22435897435897437 0.6194690265486725
4 0.530448717948718 0.7002212389380531 0.15384615384615385 0.32079646017699115
4 0.23317307692307693 0.713495575221239 0.1842948717948718 0.36504424778761063
4 0.7708333333333334 0.7466814159292036 0.21474358974358973 0.4446902654867257
3 0.39663461538461536 0.754424778761062 0.17147435897435898 0.4911504424778761
4 0.4014423076923077 0.8152654867256637 0.14583333333333334 0.32964601769911506