0 0.7211441532258065 0.43178763440860213 0.08392137096774194 0.13776881720430106
0 0.6617943548387096 0.47043010752688175 0.11643145161290322 0.12768817204301075
0 0.07573084677419355 0.4838709677419355 0.11869959677419355 0.14112903225806453
0 0.9000756048387096 0.49227150537634407 0.13432459677419356 0.14448924731182797
0 0.6139112903225806 0.6149193548387096 0.15171370967741934 0.19489247311827956
0 0.7917086693548387 0.6149193548387096 0.14440524193548387 0.17473118279569894
3 0.11101310483870967 0.6881720430107527 0.21950604838709678 0.6236559139784946
4 0.08455141129032258 0.6905241935483871 0.1665826612903226 0.3057795698924731
3 0.91015625 0.7056451612903226 0.16456653225806453 0.5779569892473119
3 0.6101310483870968 0.7459677419354839 0.2399193548387097 0.5040322580645161
3 0.7866683467741935 0.7543682795698925 0.17464717741935484 0.48051075268817206
4 0.901335685483871 0.7543682795698925 0.14692540322580644 0.3326612903225806
4 0.784148185483871 0.8551747311827957 0.1544858870967742 0.2654569892473118
4 0.5987903225806451 0.8881048387096774 0.1819556451612903 0.22379032258064516