4 0.08125 0.1984375 0.08541666666666667 0.165625
4 0.8208333333333333 0.234375 0.08541666666666667 0.14375
4 0.8958333333333334 0.25 0.06041666666666667 0.1625
3 0.08229166666666667 0.2640625 0.1 0.390625
3 0.821875 0.2796875 0.0875 0.371875
3 0.89375 0.2890625 0.06875 0.371875
4 0.5927083333333333 0.3046875 0.2125 0.346875
3 0.5875 0.45 0.27291666666666664 0.86875
1 0.5291666666666667 0.059375 0.09375 0.09375
1 0.8104166666666667 0.1203125 0.04375 0.040625
1 0.8854166666666666 0.1421875 0.03125 0.046875