0 0.705125 0.6291713535808025 0.18725 0.2542182227221597
0 0.383875 0.7037870266216723 0.11225 0.16422947131608548
0 0.575375 0.7274090738657668 0.05375 0.08098987626546682
3 0.773375 0.7420322459692539 0.32975 0.5159355080614924
3 0.359125 0.8085864266966629 0.19775 0.38282714660667416
3 0.581375 0.838957630296213 0.10175 0.32208473940757404
3 0.498875 0.8535808023997 0.11975 0.2928383952005999
4 0.586625 0.8772028496437946 0.09125 0.24559430071241095
4 0.497375 0.8828271466066742 0.12275 0.23434570678665168
4 0.780125 0.8850768653918261 0.33725 0.22984626921634796
4 0.352375 0.9041994750656168 0.17525 0.19160104986876642