0 0.334375 0.18101851851851852 0.017708333333333333 0.017592592592592594
0 0.22994791666666667 0.18935185185185185 0.013020833333333334 0.019444444444444445
0 0.3028645833333333 0.19490740740740742 0.013020833333333334 0.021296296296296296
0 0.37083333333333335 0.19768518518518519 0.0125 0.017592592592592594
2 0.265625 0.21805555555555556 0.025 0.05277777777777778
2 0.33671875 0.2222222222222222 0.027604166666666666 0.05925925925925926
2 0.23177083333333334 0.22685185185185186 0.023958333333333335 0.05555555555555555
2 0.30494791666666665 0.2300925925925926 0.0234375 0.05462962962962963
3 0.26875 0.23703703703703705 0.03229166666666667 0.13703703703703704
2 0.37526041666666665 0.23703703703703705 0.027604166666666666 0.05925925925925926
3 0.3390625 0.24074074074074073 0.03333333333333333 0.14074074074074075
3 0.23203125 0.2439814814814815 0.033854166666666664 0.13240740740740742
3 0.30520833333333336 0.24537037037037038 0.026041666666666668 0.13518518518518519
3 0.37552083333333336 0.24814814814814815 0.035416666666666666 0.1259259259259259