0 0.33055555555555555 0.5398148148148149 0.034722222222222224 0.03518518518518519
0 0.2722222222222222 0.5425925925925926 0.03333333333333333 0.03333333333333333
0 0.5694444444444444 0.5439814814814815 0.0375 0.03425925925925926
0 0.6524305555555555 0.5444444444444444 0.03819444444444445 0.03333333333333333
0 0.40868055555555555 0.5541666666666667 0.03125 0.03796296296296296
0 0.453125 0.5694444444444444 0.025694444444444443 0.027777777777777776
0 0.48680555555555555 0.5699074074074074 0.05277777777777778 0.03425925925925926
4 0.26493055555555556 0.625 0.04513888888888889 0.11296296296296296
4 0.5663194444444445 0.6273148148148148 0.059027777777777776 0.11574074074074074
4 0.32013888888888886 0.6287037037037037 0.05277777777777778 0.12037037037037036
4 0.6722222222222223 0.6328703703703704 0.0763888888888889 0.10648148148148148
4 0.40208333333333335 0.6435185185185185 0.05277777777777778 0.13148148148148148
4 0.44166666666666665 0.65 0.02638888888888889 0.10925925925925926
4 0.4826388888888889 0.6717592592592593 0.059722222222222225 0.13055555555555556
3 0.5663194444444445 0.6717592592592593 0.06180555555555556 0.29907407407407405
3 0.2604166666666667 0.6722222222222223 0.05694444444444444 0.3055555555555556
3 0.32048611111111114 0.6782407407407407 0.059027777777777776 0.3194444444444444
3 0.665625 0.6847222222222222 0.07291666666666667 0.31574074074074077
3 0.44548611111111114 0.6921296296296297 0.03819444444444445 0.27314814814814814
3 0.3993055555555556 0.6953703703703704 0.06527777777777778 0.32592592592592595
3 0.49166666666666664 0.7157407407407408 0.07916666666666666 0.32407407407407407