0 0.36533333333333334 0.2590909090909091 0.032 0.05909090909090909
0 0.6106666666666667 0.2772727272727273 0.042666666666666665 0.05
0 0.5233333333333333 0.29545454545454547 0.028 0.05
4 0.5 0.3068181818181818 0.05333333333333334 0.07272727272727272
2 0.4186666666666667 0.3306818181818182 0.058666666666666666 0.1431818181818182
3 0.5006666666666667 0.35795454545454547 0.084 0.18409090909090908
3 0.41133333333333333 0.3806818181818182 0.08133333333333333 0.3704545454545455
0 0.33666666666666667 0.38295454545454544 0.03866666666666667 0.07045454545454545
0 0.6806666666666666 0.38295454545454544 0.04666666666666667 0.075
0 0.5946666666666667 0.4102272727272727 0.048 0.07954545454545454
1 0.20666666666666667 0.45681818181818185 0.037333333333333336 0.05
2 0.33266666666666667 0.49772727272727274 0.08133333333333333 0.17727272727272728
0 0.09066666666666667 0.5284090909090909 0.05333333333333334 0.07954545454545454
3 0.3273333333333333 0.5352272727272728 0.092 0.3977272727272727
2 0.586 0.5352272727272728 0.06266666666666666 0.18863636363636363
2 0.23066666666666666 0.5522727272727272 0.06666666666666667 0.13636363636363635
3 0.5966666666666667 0.6022727272727273 0.09466666666666666 0.45454545454545453
1 0.104 0.6068181818181818 0.042666666666666665 0.05
3 0.22466666666666665 0.6125 0.08133333333333333 0.3704545454545455
0 0.766 0.65 0.04133333333333333 0.05
0 0.8126666666666666 0.6511363636363636 0.036 0.075
3 0.11066666666666666 0.6818181818181818 0.09333333333333334 0.21818181818181817
2 0.118 0.6886363636363636 0.08133333333333333 0.1318181818181818
2 0.8826666666666667 0.7147727272727272 0.08266666666666667 0.1159090909090909
0 0.49066666666666664 0.7340909090909091 0.04533333333333334 0.08181818181818182
3 0.8686666666666667 0.7340909090909091 0.14 0.22272727272727272
3 0.74 0.7397727272727272 0.10933333333333334 0.2340909090909091
2 0.742 0.75 0.076 0.1409090909090909
2 0.43666666666666665 0.7511363636363636 0.07333333333333333 0.10681818181818181
3 0.44866666666666666 0.7852272727272728 0.148 0.20681818181818182
0 0.4046666666666667 0.225 0.04666666666666667 0.05