0 0.796875 0.18448023426061494 0.099609375 0.08784773060029283
0 0.6494140625 0.2781844802342606 0.0703125 0.07027818448023426
0 0.396484375 0.3118594436310395 0.052734375 0.06149341142020498
0 0.521484375 0.3557833089311859 0.060546875 0.06149341142020498
4 0.8408203125 0.445095168374817 0.2109375 0.3513909224011713
4 0.4306640625 0.46266471449487556 0.1015625 0.19912152269399708
3 0.4287109375 0.5065885797950219 0.125 0.4802342606149341
4 0.67578125 0.5153733528550513 0.119140625 0.2752562225475842
4 0.5546875 0.5300146412884333 0.111328125 0.24597364568081992
3 0.8408203125 0.5622254758418741 0.21875 0.8433382137628112
3 0.5556640625 0.5710102489019033 0.1484375 0.5036603221083455
3 0.677734375 0.5915080527086384 0.173828125 0.6910688140556369