0 0.513 0.4573333333333333 0.062 0.050666666666666665
0 0.586 0.4666666666666667 0.056 0.05333333333333334
0 0.666 0.5106666666666667 0.06 0.050666666666666665
0 0.428 0.5213333333333333 0.056 0.056
0 0.748 0.532 0.06 0.050666666666666665
4 0.519 0.6706666666666666 0.09 0.25333333333333335
4 0.597 0.6786666666666666 0.062 0.232
4 0.679 0.688 0.09 0.23466666666666666
4 0.407 0.7106666666666667 0.07 0.2
3 0.51 0.712 0.128 0.576
3 0.599 0.7146666666666667 0.094 0.5706666666666667
4 0.771 0.7173333333333334 0.082 0.224
3 0.684 0.7413333333333333 0.1 0.5173333333333333
3 0.401 0.7453333333333333 0.126 0.5093333333333333
3 0.765 0.7506666666666667 0.106 0.488