0 0.9153439153439153 0.28706896551724137 0.09735449735449736 0.10517241379310345
0 0.629100529100529 0.33448275862068966 0.06455026455026455 0.08620689655172414
0 0.42063492063492064 0.38362068965517243 0.09206349206349207 0.13620689655172413
0 0.5582010582010583 0.3853448275862069 0.08571428571428572 0.12586206896551724
0 0.1037037037037037 0.3887931034482759 0.1037037037037037 0.11206896551724138
2 0.8973544973544973 0.5543103448275862 0.17777777777777778 0.33620689655172414
3 0.8931216931216931 0.6120689655172413 0.21375661375661376 0.7758620689655172
2 0.4074074074074074 0.6370689655172413 0.17566137566137566 0.35
3 0.6338624338624339 0.6456896551724138 0.07830687830687831 0.7086206896551724
2 0.5661375661375662 0.65 0.1439153439153439 0.3482758620689655
3 0.40476190476190477 0.6551724137931034 0.1746031746031746 0.6896551724137931
3 0.1349206349206349 0.6620689655172414 0.24232804232804234 0.6758620689655173
3 0.5634920634920635 0.6620689655172414 0.1619047619047619 0.6758620689655173
2 0.1349206349206349 0.7155172413793104 0.23386243386243386 0.43448275862068964