0 0.38263665594855306 0.47714285714285715 0.05144694533762058 0.04285714285714286
0 0.2947481243301179 0.5064285714285715 0.05359056806002144 0.05
0 0.5466237942122186 0.5064285714285715 0.04930332261521972 0.055714285714285716
1 0.65005359056806 0.51 0.04180064308681672 0.04285714285714286
0 0.4721329046087889 0.5378571428571428 0.04823151125401929 0.05285714285714286
4 0.3778135048231511 0.605 0.09110396570203644 0.15571428571428572
4 0.5509110396570204 0.6128571428571429 0.09431939978563773 0.11142857142857143
4 0.6521972132904609 0.6185714285714285 0.09110396570203644 0.14
4 0.28510182207931406 0.6492857142857142 0.1007502679528403 0.1757142857142857
4 0.4678456591639871 0.6607142857142857 0.07395498392282958 0.15
3 0.3703108252947481 0.6892857142857143 0.09753483386923902 0.47285714285714286
3 0.5568060021436227 0.6964285714285714 0.08681672025723473 0.4328571428571429
3 0.6586280814576635 0.6992857142857143 0.10610932475884244 0.4328571428571429
3 0.46730975348338694 0.7157142857142857 0.07931404072883172 0.4228571428571429
3 0.2834941050375134 0.7192857142857143 0.09967845659163987 0.4757142857142857