2 0.5819230769230769 0.5802077322562031 0.10615384615384615 0.20946335833814195
2 0.4376923076923077 0.6064627813040969 0.10538461538461538 0.21581073283323715
3 0.25173076923076926 0.6133871898442008 0.08961538461538461 0.5989613387189844
3 0.3273076923076923 0.6292556260819389 0.07153846153846154 0.5614541257934218
3 0.7332692307692308 0.6295441431044432 0.16807692307692307 0.5389497980380843
3 0.578076923076923 0.6410848240046163 0.11384615384615385 0.515868436237738
0 0.2642307692307692 0.34766301211771494 0.06307692307692307 0.06405077899596076
1 0.32269230769230767 0.38228505481823427 0.06 0.07097518753606463
1 0.7434615384615385 0.3918061165608771 0.05307692307692308 0.05770340450086555
1 0.5859615384615384 0.4192152336987882 0.058076923076923075 0.060588574725908825
0 0.41307692307692306 0.4616272360069244 0.05615384615384615 0.06462781304096941
2 0.2551923076923077 0.532602423542989 0.08884615384615385 0.2527409117137911
2 0.32403846153846155 0.5412579342181189 0.08269230769230769 0.21696480092325446
2 0.7330769230769231 0.5585689555683785 0.10923076923076923 0.22504327755337564