0 0.1142578125 0.3651026392961877 0.046875 0.07331378299120235
0 0.3056640625 0.436950146627566 0.095703125 0.16715542521994134
4 0.1005859375 0.47653958944281527 0.072265625 0.12609970674486803
0 0.576171875 0.5087976539589443 0.017578125 0.026392961876832845
3 0.10546875 0.5278592375366569 0.091796875 0.41642228739002934
4 0.5830078125 0.5469208211143695 0.029296875 0.04985337243401759
3 0.720703125 0.5689149560117303 0.044921875 0.15249266862170088
4 0.501953125 0.5696480938416423 0.0234375 0.045454545454545456
3 0.5810546875 0.5777126099706745 0.046875 0.18181818181818182
3 0.5029296875 0.594574780058651 0.03515625 0.12463343108504399
3 0.31591796875 0.6092375366568915 0.2216796875 0.5175953079178885