0 0.7090009425070688 0.35636042402826856 0.10603204524033931 0.09293286219081272
0 0.40256833176248824 0.38763250883392225 0.09637134778510839 0.09187279151943463
4 0.55937794533459 0.6113074204946997 0.15080113100848255 0.3413427561837456
3 0.20417059377945335 0.6231448763250883 0.24151743638077286 0.7537102473498233
3 0.5735155513666352 0.6284452296819788 0.21677662582469368 0.7431095406360424
3 0.7576578699340245 0.6319787985865725 0.19863336475023563 0.7360424028268551
4 0.17318567389255418 0.6425795053003533 0.1654099905749293 0.45335689045936395
3 0.4006833176248822 0.6584805653710247 0.1491517436380773 0.6759717314487632
4 0.7628416588124411 0.6584805653710247 0.18072573044297832 0.3932862190812721
4 0.38607445805843543 0.6809187279151944 0.14820923656927426 0.38162544169611307
0 0.26154571159283696 0.31925795053003536 0.12064090480678605 0.1530035335689046
0 0.544062205466541 0.3197879858657244 0.08718190386427899 0.10459363957597173