3 0.46444444444444444 0.4175 0.06444444444444444 0.17
0 0.9105555555555556 0.48541666666666666 0.04555555555555556 0.049166666666666664
0 0.7341666666666666 0.5308333333333334 0.042777777777777776 0.04833333333333333
0 0.8736111111111111 0.5370833333333334 0.029444444444444443 0.035833333333333335
4 0.9302777777777778 0.6075 0.07611111111111112 0.15166666666666667
4 0.7508333333333334 0.6091666666666666 0.065 0.105
4 0.2877777777777778 0.6129166666666667 0.07444444444444444 0.1375
4 0.8766666666666667 0.6216666666666667 0.04111111111111111 0.11333333333333333
4 0.5975 0.6241666666666666 0.08055555555555556 0.135
3 0.8786111111111111 0.6475 0.05388888888888889 0.24666666666666667
3 0.7513888888888889 0.6545833333333333 0.07722222222222222 0.2825
3 0.9288888888888889 0.665 0.07888888888888888 0.4166666666666667
3 0.29583333333333334 0.67 0.085 0.32666666666666666
3 0.5966666666666667 0.6820833333333334 0.08444444444444445 0.32083333333333336