0 0.3622704507512521 0.3474945533769063 0.06010016694490818 0.054466230936819175
0 0.25626043405676124 0.35076252723311546 0.06176961602671119 0.07407407407407407
0 0.5292153589315526 0.3660130718954248 0.05676126878130217 0.06535947712418301
0 0.3981636060100167 0.39651416122004357 0.06176961602671119 0.06535947712418301
0 0.6435726210350584 0.4019607843137255 0.05843071786310518 0.06318082788671024
0 0.7153589315525877 0.41612200435729846 0.0651085141903172 0.06535947712418301
0 0.8013355592654424 0.41830065359477125 0.06010016694490818 0.06535947712418301
0 0.2913188647746244 0.41938997821350765 0.0651085141903172 0.06318082788671024
0 0.5 0.42592592592592593 0.06176961602671119 0.06753812636165578
0 0.18948247078464106 0.42919389978213507 0.06844741235392321 0.06535947712418301
0 0.5976627712854758 0.4357298474945534 0.06010016694490818 0.06100217864923747
4 0.4006677796327212 0.5675381263616558 0.08681135225375626 0.18518518518518517
4 0.7220367278797997 0.5871459694989106 0.09181969949916527 0.1895424836601307
4 0.2921535893155259 0.5882352941176471 0.09015025041736227 0.1830065359477124
4 0.5993322203672788 0.5915032679738562 0.08013355592654424 0.16775599128540306
2 0.8297161936560935 0.5915032679738562 0.11018363939899833 0.21568627450980393
2 0.505008347245409 0.599128540305011 0.09515859766277128 0.20915032679738563
4 0.19449081803005008 0.6122004357298475 0.08180300500834725 0.20043572984749455
3 0.833889816360601 0.6633986928104575 0.12186978297161936 0.5599128540305011
3 0.3998330550918197 0.6677559912854031 0.10517529215358931 0.6034858387799564
3 0.5041736227045075 0.6677559912854031 0.11018363939899833 0.5468409586056645
3 0.7228714524207012 0.6677559912854031 0.10350584307178631 0.5642701525054467
3 0.6101836393989983 0.6742919389978214 0.09515859766277128 0.5294117647058824
3 0.2888146911519199 0.6895424836601307 0.10684474123539232 0.6122004357298475
3 0.17111853088480802 0.6938997821350763 0.12520868113522537 0.599128540305011