0 0.3346354166666667 0.4600694444444444 0.042534722222222224 0.047453703703703706
0 0.1840277777777778 0.4774305555555556 0.0625 0.07060185185185185
0 0.5442708333333334 0.5214120370370371 0.027777777777777776 0.024305555555555556
0 0.5993923611111112 0.5381944444444444 0.0390625 0.034722222222222224
0 0.6788194444444444 0.5555555555555556 0.019097222222222224 0.03009259259259259
3 0.7191840277777778 0.5844907407407407 0.035590277777777776 0.14583333333333334
2 0.6271701388888888 0.5949074074074074 0.04600694444444445 0.09027777777777778
2 0.5512152777777778 0.5966435185185185 0.05381944444444445 0.08912037037037036
3 0.6918402777777778 0.6064814814814815 0.06770833333333333 0.16203703703703703
3 0.55078125 0.6481481481481481 0.0842013888888889 0.2847222222222222
4 0.1970486111111111 0.6510416666666666 0.1232638888888889 0.23958333333333334
3 0.6276041666666666 0.6585648148148148 0.09895833333333333 0.28935185185185186
3 0.3433159722222222 0.6724537037037037 0.1293402777777778 0.4837962962962963
3 0.1948784722222222 0.7164351851851852 0.1623263888888889 0.5671296296296297