4 0.13874400166910078 0.4310907903331156 0.06300855414145629 0.12606139777922926
4 0.6546004590027122 0.4399085564990203 0.03901523054454413 0.10450685826257348
4 0.7067598581264344 0.4480731548007838 0.043187982474441895 0.08817766165904638
4 0.5266012935530983 0.45460483344219466 0.041727519298977674 0.11430437622468975
3 0.7084289588983935 0.4937949052906597 0.050698935948257876 0.2841280209013716
3 0.6517838514500313 0.5066949706074461 0.05007302315877321 0.3360548661005878
3 0.5266012935530983 0.5115937295885042 0.05841852701856875 0.32625734813847157
4 0.2917796786981014 0.5166557805355977 0.11871479240559149 0.2645329849771391
4 0.4207177133319424 0.522860875244938 0.13206759858126435 0.2756368386675376
3 0.18099311495931567 0.5305355976485957 0.06446901731692051 0.43141737426518617
3 0.43302733152514084 0.5991182233834096 0.1258084706864177 0.8017635532331809
3 0.2758189025662424 0.6023840627041149 0.19528479031921553 0.7952318745917701
0 0.3024201961193407 0.26110385369039846 0.06363446693094095 0.07805355976485957
0 0.42363863968287085 0.28151534944480733 0.06947631963279784 0.08164598301763554