0 0.46923828125 0.19266917293233082 0.0517578125 0.07706766917293233
0 0.61962890625 0.19642857142857142 0.0517578125 0.08458646616541353
0 0.66943359375 0.20676691729323307 0.0537109375 0.08270676691729323
3 0.50927734375 0.20958646616541354 0.0458984375 0.16729323308270677
3 0.26025390625 0.212406015037594 0.0693359375 0.21804511278195488
4 0.5634765625 0.39097744360902253 0.080078125 0.2744360902255639
4 0.33203125 0.3966165413533835 0.08984375 0.3308270676691729
4 0.2158203125 0.4107142857142857 0.103515625 0.325187969924812
4 0.12060546875 0.4323308270676692 0.1318359375 0.31954887218045114
4 0.6796875 0.4426691729323308 0.087890625 0.28383458646616544
4 0.4736328125 0.44454887218045114 0.10546875 0.325187969924812
3 0.62353515625 0.5 0.0634765625 0.7443609022556391
3 0.3994140625 0.5056390977443609 0.09765625 0.7781954887218046
3 0.560546875 0.5178571428571429 0.111328125 0.8101503759398496
3 0.68359375 0.5281954887218046 0.10546875 0.7255639097744361
3 0.21240234375 0.5366541353383458 0.1103515625 0.8327067669172933
3 0.482421875 0.5451127819548872 0.099609375 0.8157894736842105
3 0.3232421875 0.5460526315789473 0.111328125 0.8214285714285714
3 0.11279296875 0.5582706766917294 0.1396484375 0.8721804511278195
0 0.42236328125 0.1231203007518797 0.0458984375 0.07706766917293233
0 0.201171875 0.15695488721804512 0.0546875 0.09962406015037593
0 0.25634765625 0.16071428571428573 0.0419921875 0.06578947368421052
0 0.51513671875 0.16071428571428573 0.0419921875 0.08458646616541353
0 0.3828125 0.16165413533834586 0.05078125 0.07142857142857142
0 0.32666015625 0.162593984962406 0.0556640625 0.07330827067669173
3 0.42724609375 0.17481203007518797 0.0654296875 0.18796992481203006
0 0.5556640625 0.17669172932330826 0.05078125 0.09022556390977443
0 0.12158203125 0.18421052631578946 0.0615234375 0.08646616541353383