2 0.7765531062124249 0.43478260869565216 0.09418837675350701 0.22981366459627328
2 0.5541082164328658 0.453416149068323 0.10220440881763528 0.2608695652173913
2 0.8957915831663327 0.4549689440993789 0.11623246492985972 0.30745341614906835
2 0.3587174348697395 0.4767080745341615 0.10020040080160321 0.3198757763975155
2 0.07515030060120241 0.5388198757763976 0.09018036072144289 0.2826086956521739
3 0.9008016032064128 0.5729813664596274 0.15430861723446893 0.8478260869565217
3 0.3667334669338677 0.5760869565217391 0.12424849699398798 0.8478260869565217
3 0.7875751503006012 0.5822981366459627 0.1402805611222445 0.7795031055900621
3 0.5811623246492986 0.5916149068322981 0.18837675350701402 0.7981366459627329
3 0.07314629258517034 0.6226708074534162 0.13026052104208416 0.7546583850931677
0 0.36773547094188375 0.2111801242236025 0.09018036072144289 0.09937888198757763
0 0.7695390781563126 0.2406832298136646 0.07214428857715431 0.09006211180124224
0 0.5531062124248497 0.2422360248447205 0.08817635270541083 0.09937888198757763
0 0.3016032064128257 0.2841614906832298 0.0781563126252505 0.09006211180124224
0 0.07515030060120241 0.3059006211180124 0.09418837675350701 0.10869565217391304