0 0.659375 0.152989449003517 0.0921875 0.123094958968347
0 0.56875 0.20105509964830012 0.0953125 0.123094958968347
0 0.165625 0.24208675263774912 0.06875 0.08323563892145369
0 0.245703125 0.2567409144196952 0.06796875 0.08440797186400938
0 0.4359375 0.2608440797186401 0.0625 0.09026963657678781
0 0.358203125 0.26260257913247365 0.06484375 0.08909730363423213
0 0.833984375 0.2895662368112544 0.06953125 0.10550996483001172
4 0.57109375 0.3921453692848769 0.0671875 0.23329425556858147
4 0.669921875 0.40211019929660025 0.12421875 0.2719812426729191
4 0.167578125 0.4144196951934349 0.06484375 0.1981242672919109
4 0.25390625 0.42145369284876905 0.06875 0.1817116060961313
4 0.43984375 0.42790152403282533 0.078125 0.17819460726846426
4 0.848046875 0.447831184056272 0.10078125 0.2063305978898007
4 0.355859375 0.44841735052754983 0.05390625 0.18405627198124266
3 0.2640625 0.5228604923798359 0.1015625 0.6072684642438453
3 0.1671875 0.5246189917936694 0.0796875 0.6271981242672919
3 0.368359375 0.5422039859320047 0.08359375 0.634232121922626
3 0.677734375 0.5474794841735052 0.13984375 0.8886283704572099
3 0.571484375 0.5627198124267292 0.10234375 0.8745603751465416
3 0.850390625 0.5861664712778429 0.12578125 0.694021101992966