0 0.6158333333333333 0.32905982905982906 0.06666666666666667 0.07692307692307693
0 0.41875 0.33577533577533575 0.06583333333333333 0.08791208791208792
0 0.745 0.3363858363858364 0.08333333333333333 0.08913308913308914
0 0.34791666666666665 0.3711843711843712 0.0825 0.09768009768009768
4 0.4166666666666667 0.4908424908424908 0.08166666666666667 0.2271062271062271
4 0.6166666666666667 0.4993894993894994 0.095 0.18803418803418803
4 0.7675 0.5268620268620269 0.11666666666666667 0.2625152625152625
3 0.42625 0.5592185592185592 0.0975 0.5592185592185592
3 0.6208333333333333 0.6098901098901099 0.12833333333333333 0.6117216117216118
3 0.7591666666666667 0.6367521367521367 0.13833333333333334 0.6947496947496947
3 0.3383333333333333 0.6471306471306472 0.1 0.6788766788766789