0 0.08875 0.3333333333333333 0.0375 0.05333333333333334
0 0.71875 0.33666666666666667 0.0775 0.07333333333333333
0 0.03125 0.355 0.0625 0.07666666666666666
2 0.62875 0.41 0.0575 0.14666666666666667
2 0.42625 0.4216666666666667 0.0775 0.13666666666666666
2 0.34375 0.425 0.0775 0.10333333333333333
2 0.54375 0.43166666666666664 0.0825 0.13666666666666666
2 0.215 0.45 0.1 0.15333333333333332
3 0.44 0.46166666666666667 0.1 0.33666666666666667
2 0.85875 0.48833333333333334 0.1325 0.17666666666666667
3 0.355 0.49833333333333335 0.09 0.4166666666666667
2 0.70125 0.5033333333333333 0.1475 0.18
2 0.045 0.5066666666666667 0.09 0.18
3 0.55375 0.51 0.1125 0.43333333333333335
3 0.2325 0.54 0.16 0.5
3 0.05625 0.585 0.1125 0.6233333333333333
3 0.85125 0.5933333333333334 0.1525 0.6133333333333333
3 0.695 0.6233333333333333 0.155 0.64
0 0.34625 0.31166666666666665 0.0475 0.043333333333333335
0 0.21875 0.315 0.0675 0.056666666666666664
0 0.4225 0.32166666666666666 0.055 0.056666666666666664
0 0.8525 0.32166666666666666 0.09 0.08333333333333333
0 0.545 0.3283333333333333 0.06 0.06333333333333334