0 0.6690160699182408 0.41359773371104813 0.03157597970115591 0.036422501011736136
0 0.7433042007330138 0.424726831242412 0.03749647589512264 0.036827195467422094
0 0.3143501550606146 0.4289761230271145 0.045672399210600505 0.03480372318899231
0 0.1621088243586129 0.4492108458114124 0.05694953481815619 0.042897612302711455
4 0.6707076402593741 0.5263051396195872 0.07330138144911193 0.1517604208822339
4 0.751903016633775 0.5433023067583974 0.08006766281364533 0.15823553217320924
3 0.6650690724555963 0.5544314042897612 0.07048209754722301 0.3342776203966006
4 0.3149140118409924 0.5552407932011332 0.12122920778122356 0.16268717118575476
3 0.7548632647307584 0.565965196276811 0.08655201578798985 0.38162687171185755
4 0.1700028192839019 0.5724403075677863 0.11897378065971244 0.17037636584378793
3 0.3143501550606146 0.5882233913395386 0.11333521285593459 0.3856738162687171
3 0.17479560191711305 0.6151355726426548 0.11051592895404568 0.3747470659651963