0 0.7905 0.49924471299093653 0.029 0.03474320241691843
0 0.554 0.525679758308157 0.03 0.03927492447129909
0 0.3835 0.5302114803625377 0.033 0.03323262839879154
0 0.2525 0.5385196374622356 0.025 0.04380664652567976
4 0.801 0.5725075528700906 0.042 0.09063444108761329
4 0.5365 0.5898791540785498 0.053 0.09214501510574018
4 0.269 0.5936555891238671 0.056 0.0634441087613293
4 0.4075 0.5974320241691843 0.055 0.09214501510574018
3 0.7985 0.5974320241691843 0.049 0.24018126888217523
3 0.5355 0.6231117824773413 0.071 0.24018126888217523
3 0.411 0.6374622356495468 0.088 0.2537764350453172
3 0.272 0.6435045317220544 0.08 0.25075528700906347