0 0.29270833333333335 0.3712962962962963 0.017708333333333333 0.022222222222222223
0 0.22447916666666667 0.38564814814814813 0.01875 0.023148148148148147
0 0.4622395833333333 0.3902777777777778 0.015104166666666667 0.023148148148148147
0 0.1828125 0.4041666666666667 0.01875 0.03425925925925926
2 0.2953125 0.4263888888888889 0.029166666666666667 0.0787037037037037
2 0.37083333333333335 0.4310185185185185 0.034375 0.07685185185185185
2 0.22552083333333334 0.4361111111111111 0.03125 0.07592592592592592
3 0.29791666666666666 0.4393518518518518 0.03229166666666667 0.1675925925925926
2 0.46770833333333334 0.44027777777777777 0.03229166666666667 0.07685185185185185
3 0.37005208333333334 0.4449074074074074 0.04114583333333333 0.175
3 0.46432291666666664 0.45 0.044270833333333336 0.15555555555555556
2 0.18619791666666666 0.4564814814814815 0.03177083333333333 0.07962962962962963
3 0.22786458333333334 0.4583333333333333 0.033854166666666664 0.17962962962962964
3 0.18828125 0.4736111111111111 0.03802083333333333 0.16203703703703703