0 0.74625 0.25555555555555554 0.0625 0.08
0 0.886875 0.2688888888888889 0.03875 0.07111111111111111
0 0.521875 0.31444444444444447 0.03125 0.03777777777777778
0 0.43 0.3411111111111111 0.0425 0.05555555555555555
0 0.344375 0.3522222222222222 0.04125 0.051111111111111114
0 0.16125 0.38555555555555554 0.0625 0.07777777777777778
4 0.9025 0.3933333333333333 0.06 0.16
4 0.77375 0.4177777777777778 0.0675 0.18222222222222223
3 0.905 0.46555555555555556 0.09 0.46444444444444444
4 0.356875 0.4688888888888889 0.05875 0.13777777777777778
3 0.528125 0.4722222222222222 0.06375 0.3622222222222222
3 0.7625 0.5111111111111111 0.1175 0.5777777777777777
4 0.16125 0.5711111111111111 0.0875 0.26666666666666666
3 0.17125 0.6477777777777778 0.1125 0.6377777777777778