0 0.5291666666666667 0.2644110275689223 0.055 0.06766917293233082
0 0.8058333333333333 0.2694235588972431 0.07166666666666667 0.11779448621553884
4 0.33666666666666667 0.35463659147869675 0.06333333333333334 0.18295739348370926
3 0.5283333333333333 0.39348370927318294 0.08333333333333333 0.3157894736842105
4 0.4091666666666667 0.40350877192982454 0.06166666666666667 0.20551378446115287
4 0.5366666666666666 0.40476190476190477 0.056666666666666664 0.18796992481203006
4 0.019166666666666665 0.41854636591478694 0.03833333333333333 0.20050125313283207
3 0.335 0.42105263157894735 0.08 0.46616541353383456
4 0.825 0.4448621553884712 0.1 0.23308270676691728
0 0.2708333333333333 0.44862155388471175 0.055 0.09523809523809523
3 0.4141666666666667 0.46115288220551376 0.08166666666666667 0.48621553884711777
0 0.1325 0.47869674185463656 0.06833333333333333 0.10526315789473684
3 0.8066666666666666 0.5137844611528822 0.12666666666666668 0.6165413533834586
3 0.2425 0.5939849624060151 0.10166666666666667 0.3558897243107769
3 0.11833333333333333 0.6228070175438597 0.14666666666666667 0.38345864661654133
0 0.3275 0.22180451127819548 0.041666666666666664 0.06265664160401002
0 0.4191666666666667 0.24937343358395989 0.051666666666666666 0.07268170426065163