0 0.6268229166666667 0.1 0.13385416666666666 0.1574074074074074
0 0.2950520833333333 0.1865740740740741 0.14427083333333332 0.15648148148148147
0 0.9244791666666666 0.2375 0.10104166666666667 0.18425925925925926
0 0.47760416666666666 0.2740740740740741 0.140625 0.20925925925925926
3 0.14140625 0.46574074074074073 0.27760416666666665 0.8944444444444445
3 0.30807291666666664 0.48703703703703705 0.19114583333333332 0.8203703703703704
3 0.6901041666666666 0.5148148148148148 0.309375 0.9314814814814815
4 0.15078125 0.5208333333333334 0.2828125 0.6287037037037037
3 0.8875 0.5782407407407407 0.225 0.7861111111111111
3 0.46510416666666665 0.5782407407407407 0.24479166666666666 0.8046296296296296
4 0.6934895833333333 0.6601851851851852 0.27447916666666666 0.6351851851851852
1 0.16328125 0.06898148148148148 0.1234375 0.13796296296296295
4 0.9302083333333333 0.6990740740740741 0.13958333333333334 0.5833333333333334
4 0.4510416666666667 0.7097222222222223 0.24166666666666667 0.5805555555555556
0 0.13203125 0.8518518518518519 0.16822916666666668 0.26481481481481484