4 0.10625 0.46111111111111114 0.159375 0.3277777777777778
4 0.55234375 0.4736111111111111 0.1890625 0.4638888888888889
2 0.8265625 0.4875 0.18125 0.4361111111111111
2 0.296875 0.49583333333333335 0.184375 0.33055555555555555
3 0.55625 0.5263888888888889 0.23125 0.9472222222222222
3 0.8234375 0.5375 0.23125 0.925
3 0.3015625 0.5708333333333333 0.21875 0.8583333333333333
3 0.1015625 0.5819444444444445 0.196875 0.8361111111111111
0 0.5515625 0.09583333333333334 0.078125 0.08055555555555556
0 0.821875 0.13333333333333333 0.1 0.1
0 0.2890625 0.18888888888888888 0.090625 0.09444444444444444
1 0.11953125 0.20694444444444443 0.0921875 0.08055555555555556