0 0.2165 0.19333333333333333 0.099 0.10933333333333334
0 0.495 0.24533333333333332 0.084 0.08533333333333333
0 0.37 0.252 0.082 0.08266666666666667
0 0.605 0.252 0.074 0.09066666666666667
0 0.74 0.268 0.09 0.088
4 0.222 0.472 0.17 0.37333333333333335
4 0.758 0.476 0.138 0.2853333333333333
4 0.489 0.4786666666666667 0.118 0.30133333333333334
4 0.613 0.48 0.124 0.2773333333333333
4 0.371 0.492 0.13 0.31466666666666665
3 0.214 0.564 0.178 0.872
3 0.627 0.5893333333333334 0.164 0.752
3 0.4885 0.5946666666666667 0.145 0.8106666666666666
3 0.764 0.5986666666666667 0.17 0.7386666666666667
3 0.371 0.6093333333333333 0.112 0.7813333333333333