0 0.5297709923664122 0.373134328358209 0.044274809160305344 0.06241519674355495
1 0.22748091603053436 0.37449118046132973 0.03816793893129771 0.054274084124830396
0 0.4267175572519084 0.3921302578018996 0.04580152671755725 0.05698778833107191
1 0.6969465648854962 0.4016282225237449 0.04580152671755725 0.048846675712347354
1 0.6114503816793894 0.41112618724559025 0.042748091603053436 0.06784260515603799
1 0.34580152671755726 0.4206241519674355 0.03969465648854962 0.054274084124830396
1 0.8129770992366412 0.4355495251017639 0.04580152671755725 0.051560379918588875
1 0.6282442748091603 0.49525101763907736 0.02748091603053435 0.051560379918588875
2 0.600763358778626 0.5563093622795116 0.061068702290076333 0.2062415196743555
2 0.2152671755725191 0.5630936227951153 0.0900763358778626 0.23609226594301222
2 0.42442748091603055 0.5671641791044776 0.0900763358778626 0.22795115332428764
2 0.7083969465648855 0.5685210312075983 0.08702290076335878 0.1926729986431479
2 0.5259541984732824 0.5698778833107191 0.11603053435114503 0.24423337856173677
2 0.332824427480916 0.5834464043419267 0.08091603053435115 0.23880597014925373
2 0.8114503816793893 0.6173677069199457 0.09770992366412214 0.22523744911804613
2 0.6320610687022901 0.6363636363636364 0.06870229007633588 0.18181818181818182
3 0.5122137404580153 0.6417910447761194 0.10381679389312977 0.6268656716417911
3 0.33053435114503815 0.6580732700135685 0.08549618320610687 0.5454545454545454
3 0.21374045801526717 0.6594301221166893 0.12061068702290076 0.6512890094979648
3 0.5923664122137404 0.66078697421981 0.08396946564885496 0.5834464043419267
3 0.40610687022900765 0.666214382632293 0.09923664122137404 0.5943012211668928
3 0.7114503816793893 0.6770691994572592 0.10534351145038168 0.5888738127544098
3 0.8290076335877863 0.6879240162822252 0.10534351145038168 0.5563093622795116
3 0.6389312977099236 0.7245590230664858 0.08244274809160305 0.49389416553595655