0 0.6416666666666667 0.3285077951002227 0.06666666666666667 0.06904231625835189
0 0.7608333333333334 0.3574610244988864 0.03833333333333333 0.0378619153674833
0 0.33916666666666667 0.36302895322939865 0.051666666666666666 0.053452115812917596
0 0.5275 0.37082405345211583 0.051666666666666666 0.0645879732739421
2 0.7616666666666667 0.477728285077951 0.08666666666666667 0.16258351893095768
2 0.5308333333333334 0.4821826280623608 0.09833333333333333 0.11804008908685969
2 0.33166666666666667 0.49665924276169265 0.09666666666666666 0.155902004454343
2 0.6483333333333333 0.5211581291759465 0.11 0.24053452115812918
3 0.755 0.5623608017817372 0.1 0.43875278396436523
3 0.5258333333333334 0.5690423162583519 0.12166666666666667 0.5144766146993318
3 0.3325 0.6035634743875279 0.135 0.5657015590200446
3 0.6425 0.6191536748329621 0.135 0.6458797327394209