0 0.1015625 0.271875 0.10416666666666667 0.0859375
0 0.621875 0.34609375 0.075 0.09375
0 0.36432291666666666 0.366015625 0.0921875 0.10078125
0 0.8794270833333333 0.4515625 0.09739583333333333 0.090625
3 0.14869791666666668 0.5078125 0.24322916666666666 0.640625
3 0.6143229166666667 0.534375 0.14427083333333332 0.5
2 0.14765625 0.554296875 0.2203125 0.35390625
3 0.39427083333333335 0.55703125 0.18229166666666666 0.5203125
2 0.6106770833333334 0.5625 0.12552083333333333 0.3015625
2 0.39479166666666665 0.589453125 0.15625 0.33046875
3 0.8677083333333333 0.653125 0.15520833333333334 0.4578125
2 0.8669270833333333 0.7078125 0.1203125 0.2703125