0 0.3778688524590164 0.21776315789473685 0.07377049180327869 0.08552631578947369
0 0.5758196721311475 0.2519736842105263 0.0680327868852459 0.0881578947368421
0 0.7262295081967213 0.25855263157894737 0.08196721311475409 0.1013157894736842
0 0.22704918032786886 0.27631578947368424 0.06721311475409836 0.09210526315789473
2 0.42704918032786887 0.4375 0.14754098360655737 0.26973684210526316
2 0.7532786885245901 0.4513157894736842 0.12295081967213115 0.2631578947368421
2 0.6032786885245902 0.4625 0.11475409836065574 0.2723684210526316
2 0.25040983606557377 0.47828947368421054 0.12540983606557377 0.25921052631578945
3 0.4209016393442623 0.5217105263157895 0.1598360655737705 0.7197368421052631
3 0.5954918032786886 0.5592105263157895 0.14344262295081966 0.6973684210526315
3 0.7504098360655738 0.5677631578947369 0.13360655737704918 0.7065789473684211
3 0.2483606557377049 0.5796052631578947 0.14590163934426228 0.7171052631578947