1 0.76875 0.4666666666666667 0.0828125 0.06944444444444445
1 0.6203125 0.5083333333333333 0.0703125 0.08888888888888889
0 0.91015625 0.5416666666666666 0.06875 0.08055555555555556
2 0.409765625 0.6138888888888889 0.03984375 0.125
2 0.474609375 0.6388888888888888 0.04453125 0.13055555555555556
3 0.414453125 0.6701388888888888 0.05859375 0.37083333333333335
3 0.479296875 0.6736111111111112 0.06328125 0.35555555555555557
3 0.7625 0.7159722222222222 0.1234375 0.5680555555555555
3 0.898046875 0.7270833333333333 0.09453125 0.5347222222222222
3 0.590625 0.7326388888888888 0.1453125 0.5347222222222222
2 0.765234375 0.7673611111111112 0.09921875 0.2986111111111111
2 0.5921875 0.7902777777777777 0.0984375 0.2777777777777778
2 0.8953125 0.7951388888888888 0.0765625 0.26805555555555555