3 0.198 0.46846846846846846 0.156 0.7447447447447447
3 0.352 0.481981981981982 0.144 0.6516516516516516
4 0.214 0.4864864864864865 0.144 0.36036036036036034
3 0.663 0.4954954954954955 0.158 0.5765765765765766
3 0.843 0.5 0.174 0.7897897897897898
3 0.507 0.503003003003003 0.166 0.5855855855855856
4 0.827 0.5195195195195195 0.138 0.3963963963963964
4 0.328 0.5570570570570571 0.164 0.36936936936936937
2 0.504 0.5690690690690691 0.14 0.34534534534534533
2 0.667 0.5780780780780781 0.118 0.35735735735735735
0 0.569 0.13513513513513514 0.086 0.08408408408408409
0 0.824 0.14414414414414414 0.1 0.06606606606606606
0 0.224 0.14714714714714713 0.084 0.06606606606606606
0 0.364 0.21021021021021022 0.084 0.07207207207207207
0 0.672 0.23573573573573572 0.084 0.06306306306306306
0 0.507 0.24624624624624625 0.082 0.06606606606606606