0 0.8690127077223851 0.266304347826087 0.10948191593352884 0.09472049689440994
0 0.26637341153470184 0.3082298136645963 0.07331378299120235 0.10403726708074534
0 0.10068426197458455 0.3198757763975155 0.07820136852394917 0.10869565217391304
0 0.6622678396871945 0.3361801242236025 0.07135874877810362 0.09782608695652174
2 0.26881720430107525 0.47748447204968947 0.08602150537634409 0.234472049689441
2 0.7663734115347018 0.5116459627329193 0.06842619745845552 0.2531055900621118
2 0.10606060606060606 0.546583850931677 0.10850439882697947 0.2919254658385093
2 0.6759530791788856 0.5527950310559007 0.09090909090909091 0.2515527950310559
2 0.8944281524926686 0.5667701863354038 0.1798631476050831 0.422360248447205
3 0.7668621700879765 0.5768633540372671 0.08699902248289346 0.6257763975155279
3 0.2756598240469208 0.5854037267080745 0.12903225806451613 0.6770186335403726
3 0.8817204301075269 0.6055900621118012 0.1798631476050831 0.7888198757763976
3 0.12218963831867058 0.6265527950310559 0.1603128054740958 0.7468944099378882
3 0.6598240469208211 0.6381987577639752 0.13294232649071358 0.7236024844720497