0 0.44675324675324674 0.3523489932885906 0.06493506493506493 0.087248322147651
0 0.18051948051948052 0.35906040268456374 0.07272727272727272 0.087248322147651
0 0.7038961038961039 0.37919463087248323 0.05454545454545454 0.05592841163310962
0 0.5487012987012987 0.4105145413870246 0.06363636363636363 0.0738255033557047
0 0.32597402597402597 0.43847874720357943 0.05974025974025974 0.07158836689038031
0 0.8448051948051948 0.45302013422818793 0.05844155844155844 0.05592841163310962
4 0.42857142857142855 0.5682326621923938 0.11428571428571428 0.28187919463087246
4 0.19480519480519481 0.5782997762863534 0.10649350649350649 0.24384787472035793
4 0.7084415584415584 0.6073825503355704 0.12077922077922078 0.2841163310961969
4 0.5584415584415584 0.6174496644295302 0.08831168831168831 0.27293064876957496
3 0.44155844155844154 0.6308724832214765 0.13506493506493505 0.6487695749440716
4 0.32142857142857145 0.6409395973154363 0.11038961038961038 0.2483221476510067
3 0.7097402597402598 0.6521252796420581 0.16753246753246753 0.6152125279642058
3 0.5603896103896104 0.6610738255033557 0.11818181818181818 0.5883668903803132
3 0.2 0.6621923937360179 0.12727272727272726 0.6756152125279642
3 0.31363636363636366 0.6767337807606264 0.11038961038961038 0.5480984340044742
3 0.8402597402597403 0.6823266219239373 0.11688311688311688 0.5369127516778524
4 0.8428571428571429 0.6912751677852349 0.10649350649350649 0.29082774049217003