0 0.49166666666666664 0.31 0.052222222222222225 0.06
0 0.5727777777777778 0.3125 0.04777777777777778 0.09166666666666666
0 0.1827777777777778 0.31583333333333335 0.056666666666666664 0.058333333333333334
1 0.40944444444444444 0.32416666666666666 0.06111111111111111 0.075
2 0.17 0.435 0.09777777777777778 0.17666666666666667
2 0.4905555555555556 0.4558333333333333 0.09666666666666666 0.205
2 0.5761111111111111 0.4608333333333333 0.06111111111111111 0.17166666666666666
2 0.3894444444444444 0.4691666666666667 0.10555555555555556 0.19833333333333333
3 0.17888888888888888 0.5175 0.12222222222222222 0.4683333333333333
3 0.5916666666666667 0.5241666666666667 0.11444444444444445 0.5083333333333333
3 0.49277777777777776 0.5266666666666666 0.11 0.49666666666666665
3 0.4027777777777778 0.565 0.11444444444444445 0.5466666666666666