0 0.3333333333333333 0.2973372781065089 0.12444444444444444 0.08579881656804733
0 0.45666666666666667 0.3520710059171598 0.07333333333333333 0.07100591715976332
0 0.55 0.3772189349112426 0.06 0.04437869822485207
0 0.19666666666666666 0.378698224852071 0.06 0.05325443786982249
0 0.06777777777777778 0.3979289940828402 0.06888888888888889 0.05029585798816568
0 0.6877777777777778 0.41272189349112426 0.051111111111111114 0.05029585798816568
2 0.7 0.5606508875739645 0.10666666666666667 0.1863905325443787
2 0.05333333333333334 0.5636094674556213 0.07111111111111111 0.19230769230769232
2 0.5488888888888889 0.5680473372781065 0.07111111111111111 0.21893491124260356
3 0.07 0.606508875739645 0.13111111111111112 0.46153846153846156
3 0.6877777777777778 0.6094674556213018 0.12222222222222222 0.4378698224852071
3 0.34444444444444444 0.6198224852071006 0.17333333333333334 0.742603550295858
3 0.44666666666666666 0.6538461538461539 0.09333333333333334 0.6923076923076923
3 0.5455555555555556 0.665680473372781 0.08666666666666667 0.6153846153846154
2 0.3466666666666667 0.6804733727810651 0.14222222222222222 0.4260355029585799