0 0.1511111111111111 0.6875 0.03111111111111111 0.036616161616161616
0 0.5916666666666667 0.6881313131313131 0.056666666666666664 0.05303030303030303
0 0.06888888888888889 0.6963383838383839 0.03333333333333333 0.036616161616161616
0 0.4061111111111111 0.6982323232323232 0.04777777777777778 0.047979797979797977
0 0.22277777777777777 0.7108585858585859 0.03222222222222222 0.03282828282828283
4 0.4033333333333333 0.7714646464646465 0.09111111111111111 0.11616161616161616
4 0.23277777777777778 0.7872474747474747 0.056666666666666664 0.11237373737373738
4 0.5883333333333334 0.7878787878787878 0.09 0.14646464646464646
4 0.06277777777777778 0.7891414141414141 0.06555555555555556 0.1414141414141414
3 0.12277777777777778 0.7954545454545454 0.043333333333333335 0.1717171717171717
3 0.1638888888888889 0.7960858585858586 0.058888888888888886 0.2537878787878788
3 0.2972222222222222 0.7973484848484849 0.05444444444444444 0.21338383838383837
3 0.22777777777777777 0.8011363636363636 0.06222222222222222 0.21338383838383837
3 0.06722222222222222 0.8061868686868687 0.06333333333333334 0.26136363636363635
3 0.4211111111111111 0.82260101010101 0.1 0.3143939393939394
3 0.5911111111111111 0.8244949494949495 0.10222222222222223 0.351010101010101