0 0.177 0.32465753424657534 0.114 0.12876712328767123
0 0.728 0.35205479452054794 0.172 0.1726027397260274
2 0.877 0.5671232876712329 0.182 0.4383561643835616
3 0.383 0.5972602739726027 0.194 0.8054794520547945
2 0.379 0.6013698630136987 0.206 0.4136986301369863
2 0.19 0.6232876712328768 0.152 0.2876712328767123
3 0.728 0.6287671232876713 0.232 0.7424657534246575
3 0.2 0.6301369863013698 0.144 0.7397260273972602
2 0.071 0.6424657534246575 0.142 0.4575342465753425
2 0.731 0.7164383561643836 0.23 0.38082191780821917
0 0.839 0.21232876712328766 0.146 0.1178082191780822
0 0.37 0.2671232876712329 0.128 0.1232876712328767
0 0.072 0.26986301369863014 0.144 0.18356164383561643