0 0.5552884615384616 0.41064638783269963 0.04326923076923077 0.060836501901140684
0 0.6850961538461539 0.41825095057034223 0.04326923076923077 0.06844106463878327
0 0.234375 0.4524714828897338 0.04567307692307692 0.053231939163498096
0 0.4074519230769231 0.45817490494296575 0.04567307692307692 0.049429657794676805
4 0.6911057692307693 0.5570342205323194 0.06009615384615385 0.1482889733840304
4 0.5528846153846154 0.55893536121673 0.0625 0.1596958174904943
4 0.4050480769230769 0.6045627376425855 0.0889423076923077 0.18250950570342206
4 0.23317307692307693 0.6045627376425855 0.07692307692307693 0.19011406844106463
3 0.6947115384615384 0.6159695817490495 0.0625 0.46387832699619774
3 0.5600961538461539 0.6197718631178707 0.07692307692307693 0.4714828897338403
3 0.40625 0.6482889733840305 0.09134615384615384 0.4524714828897338
3 0.234375 0.6615969581749049 0.0985576923076923 0.4790874524714829