0 0.706875 0.4166666666666667 0.06375 0.06818181818181818
0 0.500625 0.4583333333333333 0.03125 0.045454545454545456
0 0.454375 0.47632575757575757 0.04625 0.043560606060606064
0 0.585 0.47632575757575757 0.03 0.03598484848484849
0 0.631875 0.4895833333333333 0.04625 0.043560606060606064
0 0.216875 0.5 0.05875 0.04924242424242424
0 0.363125 0.5066287878787878 0.04125 0.0625
4 0.5775 0.5511363636363636 0.0475 0.09848484848484848
4 0.50375 0.5672348484848485 0.045 0.13068181818181818
4 0.718125 0.5814393939393939 0.11875 0.22348484848484848
3 0.588125 0.584280303030303 0.06375 0.26704545454545453
4 0.4625 0.5956439393939394 0.0625 0.17234848484848486
4 0.62375 0.5994318181818182 0.0625 0.13825757575757575
4 0.361875 0.6164772727272727 0.06125 0.14962121212121213
4 0.215 0.6231060606060606 0.0875 0.17803030303030304
3 0.511875 0.625 0.07375 0.3712121212121212
3 0.7225 0.6259469696969697 0.1275 0.5056818181818182
3 0.62625 0.6382575757575758 0.075 0.35984848484848486
3 0.464375 0.6429924242424242 0.08375 0.3958333333333333
3 0.35875 0.6590909090909091 0.0775 0.3712121212121212
3 0.2125 0.6770833333333334 0.1 0.4147727272727273