0 0.4527972027972028 0.5524475524475524 0.07342657342657342 0.05128205128205128
0 0.28059440559440557 0.5687645687645687 0.07867132867132867 0.07226107226107226
0 0.1437937062937063 0.5699300699300699 0.0673076923076923 0.05827505827505827
0 0.8461538461538461 0.5891608391608392 0.06468531468531469 0.04312354312354312
4 0.4423076923076923 0.7424242424242424 0.11013986013986014 0.22843822843822845
4 0.8343531468531469 0.7424242424242424 0.10227272727272728 0.2191142191142191
4 0.13636363636363635 0.7534965034965035 0.12762237762237763 0.23892773892773891
3 0.2923951048951049 0.7616550116550117 0.16346153846153846 0.4766899766899767
3 0.44667832167832167 0.7616550116550117 0.13111888111888112 0.4766899766899767
4 0.2631118881118881 0.7622377622377622 0.07517482517482517 0.2097902097902098
3 0.13286713286713286 0.7663170163170163 0.14685314685314685 0.46736596736596736
3 0.6634615384615384 0.7703962703962703 0.17132867132867133 0.4592074592074592
3 0.8291083916083916 0.7797202797202797 0.11800699300699301 0.4405594405594406