0 0.595625 0.22795497185741087 0.03625 0.05065666041275797
4 0.598125 0.350844277673546 0.06625 0.1350844277673546
0 0.73375 0.3799249530956848 0.0475 0.06566604127579738
3 0.594375 0.38461538461538464 0.06875 0.38649155722326456
3 0.728125 0.5206378986866792 0.09125 0.30956848030018763
2 0.723125 0.524390243902439 0.07125 0.18198874296435272
2 0.804375 0.5318949343339587 0.04625 0.16322701688555347
0 0.421875 0.5450281425891182 0.06125 0.07317073170731707
0 0.24125 0.6210131332082551 0.07 0.0975609756097561
0 0.495 0.6275797373358349 0.0675 0.08818011257035648
0 0.6525 0.6303939962476548 0.0575 0.09380863039399624
0 0.839375 0.6594746716697936 0.06375 0.08818011257035648
2 0.40875 0.7185741088180112 0.0625 0.2589118198874296
0 0.816875 0.7598499061913696 0.07125 0.1050656660412758
2 0.645625 0.7711069418386491 0.10125 0.19136960600375236
3 0.6375 0.7833020637898687 0.1275 0.39587242026266417
2 0.231875 0.7898686679174484 0.09375 0.2401500938086304
2 0.495 0.8039399624765479 0.1 0.21575984990619138
0 0.12625 0.8761726078799249 0.0825 0.10881801125703565
2 0.82 0.9127579737335835 0.1025 0.1669793621013133
0 0.360625 0.9418386491557224 0.08125 0.11632270168855535