0 0.8011049723756906 0.2512254901960784 0.04419889502762431 0.02696078431372549
0 0.13259668508287292 0.27941176470588236 0.08011049723756906 0.0784313725490196
0 0.5980662983425414 0.3492647058823529 0.024861878453038673 0.031862745098039214
0 0.4419889502762431 0.3639705882352941 0.03038674033149171 0.031862745098039214
0 0.5276243093922652 0.3639705882352941 0.03314917127071823 0.03676470588235294
0 0.47859116022099446 0.36519607843137253 0.031767955801104975 0.0392156862745098
0 0.6526243093922652 0.36764705882352944 0.029005524861878452 0.029411764705882353
0 0.39019337016574585 0.375 0.04005524861878453 0.058823529411764705
4 0.8156077348066298 0.38848039215686275 0.05110497237569061 0.1642156862745098
0 0.30386740331491713 0.4007352941176471 0.04419889502762431 0.051470588235294115
0 0.231353591160221 0.41911764705882354 0.05110497237569061 0.07352941176470588
3 0.6035911602209945 0.43504901960784315 0.03867403314917127 0.22794117647058823
3 0.6533149171270718 0.4583333333333333 0.049723756906077346 0.22058823529411764
3 0.8197513812154696 0.4681372549019608 0.08701657458563536 0.45588235294117646
4 0.5317679558011049 0.47181372549019607 0.04143646408839779 0.12009803921568628
3 0.5435082872928176 0.49142156862745096 0.08701657458563536 0.30637254901960786
4 0.44613259668508287 0.49387254901960786 0.03038674033149171 0.13970588235294118
4 0.38812154696132595 0.5073529411764706 0.03591160220994475 0.16666666666666666
3 0.4599447513812155 0.5171568627450981 0.0718232044198895 0.36764705882352944
4 0.1408839779005525 0.5183823529411765 0.09116022099447514 0.27205882352941174
3 0.23964088397790057 0.5404411764705882 0.0787292817679558 0.32598039215686275
4 0.31629834254143646 0.5441176470588235 0.0856353591160221 0.1568627450980392
4 0.23549723756906077 0.5490196078431373 0.0649171270718232 0.1568627450980392
3 0.4074585635359116 0.5588235294117647 0.10220994475138122 0.4068627450980392
3 0.3383977900552486 0.5919117647058824 0.1270718232044199 0.4387254901960784
3 0.15331491712707182 0.6017156862745098 0.1464088397790055 0.7475490196078431