0 0.4945945945945946 0.2255700325732899 0.0681081081081081 0.057003257328990226
0 0.3497297297297297 0.248371335504886 0.0681081081081081 0.06351791530944625
0 0.7886486486486487 0.30944625407166126 0.02918918918918919 0.035830618892508145
0 0.8345945945945946 0.3135179153094462 0.04540540540540541 0.043973941368078175
0 0.6459459459459459 0.3289902280130293 0.04432432432432432 0.0749185667752443
3 0.9454054054054054 0.4226384364820847 0.03351351351351351 0.1482084690553746
2 0.8367567567567568 0.4796416938110749 0.06918918918918919 0.16775244299674266
2 0.5 0.4837133550488599 0.11135135135135135 0.2736156351791531
2 0.6697297297297298 0.5138436482084691 0.07027027027027027 0.18403908794788273
2 0.3372972972972973 0.5236156351791531 0.08648648648648649 0.30130293159609123
3 0.8394594594594594 0.5244299674267101 0.0745945945945946 0.46579804560260585
3 0.6572972972972972 0.5480456026058632 0.09945945945945946 0.5130293159609121
3 0.5102702702702703 0.5708469055374593 0.15135135135135136 0.737785016286645
3 0.33837837837837836 0.6017915309446255 0.1318918918918919 0.7703583061889251