3 0.7078125 0.23541666666666666 0.1484375 0.44583333333333336
2 0.701953125 0.27291666666666664 0.12578125 0.2625
0 0.5296875 0.3151041666666667 0.0734375 0.11145833333333334
0 0.3890625 0.34375 0.0828125 0.11666666666666667
3 0.365234375 0.45677083333333335 0.16015625 0.346875
0 0.206640625 0.46510416666666665 0.11484375 0.146875
0 0.508984375 0.5041666666666667 0.09453125 0.1
0 0.675 0.5104166666666666 0.0984375 0.10625
3 0.159375 0.5885416666666666 0.2171875 0.44375
0 0.723046875 0.0703125 0.10078125 0.10729166666666666
3 0.549609375 0.7182291666666667 0.18046875 0.5635416666666667
2 0.55546875 0.7427083333333333 0.171875 0.32083333333333336