0 0.7125 0.45465994962216627 0.058333333333333334 0.06297229219143577
0 0.2275 0.4672544080604534 0.095 0.042821158690176324
0 0.5025 0.4924433249370277 0.045 0.06297229219143577
0 0.3541666666666667 0.5037783375314862 0.11166666666666666 0.07052896725440806
4 0.7208333333333333 0.6473551637279596 0.11833333333333333 0.2216624685138539
2 0.5333333333333333 0.6624685138539043 0.09 0.17632241813602015
2 0.22416666666666665 0.6838790931989924 0.115 0.23425692695214106
3 0.22166666666666668 0.707808564231738 0.12 0.5843828715365239
3 0.7166666666666667 0.7103274559193955 0.15666666666666668 0.5793450881612091
3 0.5333333333333333 0.7241813602015114 0.13666666666666666 0.5516372795969773
3 0.375 0.7304785894206549 0.18666666666666668 0.5390428211586902
2 0.3675 0.7380352644836272 0.17833333333333334 0.2518891687657431