0 0.5457692307692308 0.18578947368421053 0.06384615384615384 0.08526315789473685
0 0.16692307692307692 0.22789473684210526 0.06923076923076923 0.08947368421052632
3 0.5684615384615385 0.27263157894736845 0.14461538461538462 0.32210526315789473
4 0.16192307692307692 0.3163157894736842 0.08538461538461538 0.10210526315789474
3 0.17346153846153847 0.34789473684210526 0.1453846153846154 0.34210526315789475
0 0.6938461538461539 0.4063157894736842 0.07230769230769231 0.07789473684210527
4 0.7946153846153846 0.4394736842105263 0.13538461538461538 0.17157894736842105
3 0.7557692307692307 0.5152631578947369 0.21769230769230768 0.33157894736842103
0 0.30423076923076925 0.6405263157894737 0.08384615384615385 0.10421052631578948
4 0.2953846153846154 0.7247368421052631 0.1 0.14
3 0.3088461538461538 0.7363157894736843 0.1423076923076923 0.3021052631578947