0 0.30234375 0.23333333333333334 0.015104166666666667 0.027777777777777776
0 0.34270833333333334 0.23796296296296296 0.015625 0.02962962962962963
3 0.34427083333333336 0.25462962962962965 0.029166666666666667 0.07037037037037037
0 0.2604166666666667 0.2574074074074074 0.014583333333333334 0.024074074074074074
1 0.15494791666666666 0.2611111111111111 0.016145833333333335 0.027777777777777776
2 0.30416666666666664 0.2759259259259259 0.026041666666666668 0.07222222222222222
2 0.34401041666666665 0.2759259259259259 0.0234375 0.05740740740740741
3 0.30520833333333336 0.28888888888888886 0.03229166666666667 0.14444444444444443
2 0.18802083333333333 0.2916666666666667 0.023958333333333335 0.05555555555555555
2 0.15572916666666667 0.30092592592592593 0.022916666666666665 0.06481481481481481
2 0.25885416666666666 0.30416666666666664 0.028125 0.07314814814814814
3 0.18984375 0.3143518518518518 0.028645833333333332 0.14722222222222223
3 0.26145833333333335 0.31574074074074077 0.035416666666666666 0.14629629629629629
3 0.15859375 0.32037037037037036 0.0328125 0.14814814814814814