0 0.03838383838383838 0.255 0.07676767676767676 0.085
0 0.5 0.2675 0.05858585858585859 0.075
0 0.296969696969697 0.2725 0.07676767676767676 0.07
4 0.9272727272727272 0.3625 0.14545454545454545 0.29
4 0.5161616161616162 0.45875 0.11515151515151516 0.2175
4 0.7070707070707071 0.46125 0.14545454545454545 0.2625
4 0.30707070707070705 0.465 0.13737373737373737 0.24
4 0.07575757575757576 0.48625 0.14343434343434344 0.2875
3 0.9121212121212121 0.49625 0.17575757575757575 0.8575
3 0.7 0.5425 0.1393939393939394 0.675
3 0.5202020202020202 0.54375 0.15555555555555556 0.6125
3 0.3 0.5475 0.15555555555555556 0.645
3 0.07676767676767676 0.54875 0.15353535353535352 0.6975
0 0.895959595959596 0.13125 0.10707070707070707 0.0875
0 0.6989898989898989 0.2375 0.06868686868686869 0.06