1 0.73125 0.17175925925925925 0.06458333333333334 0.07685185185185185
1 0.8510416666666667 0.2175925925925926 0.06666666666666667 0.09444444444444444
1 0.28229166666666666 0.22037037037037038 0.0625 0.08333333333333333
1 0.5651041666666666 0.22592592592592592 0.05416666666666667 0.08888888888888889
1 0.071875 0.27314814814814814 0.065625 0.1037037037037037
3 0.7216145833333333 0.3402777777777778 0.1359375 0.42314814814814816
4 0.7166666666666667 0.3851851851851852 0.084375 0.2722222222222222
4 0.7122395833333334 0.38796296296296295 0.09322916666666667 0.25925925925925924
4 0.8302083333333333 0.4310185185185185 0.08645833333333333 0.2712962962962963
4 0.5651041666666666 0.4351851851851852 0.09375 0.2851851851851852
4 0.28020833333333334 0.45046296296296295 0.11666666666666667 0.28055555555555556
4 0.11380208333333333 0.4564814814814815 0.09427083333333333 0.21666666666666667
3 0.5497395833333333 0.5662037037037037 0.1328125 0.7453703703703703
3 0.10182291666666667 0.5703703703703704 0.14635416666666667 0.6796296296296296
3 0.8385416666666666 0.5768518518518518 0.1375 0.8462962962962963
3 0.28958333333333336 0.5805555555555556 0.15729166666666666 0.75