0 0.8133333333333334 0.409967845659164 0.03333333333333333 0.06752411575562701
0 0.7116666666666667 0.4228295819935691 0.03333333333333333 0.08681672025723473
0 0.285 0.4453376205787781 0.05 0.0932475884244373
0 0.4633333333333333 0.4630225080385852 0.043333333333333335 0.10932475884244373
2 0.7916666666666666 0.545016077170418 0.06333333333333334 0.15755627009646303
2 0.685 0.5482315112540193 0.06 0.14469453376205788
3 0.7875 0.5659163987138264 0.09166666666666666 0.39228295819935693
2 0.28583333333333333 0.5787781350482315 0.07166666666666667 0.13504823151125403
3 0.6816666666666666 0.5980707395498392 0.09333333333333334 0.40514469453376206
0 0.2916666666666667 0.6109324758842444 0.10666666666666667 0.4437299035369775
2 0.48333333333333334 0.617363344051447 0.06333333333333334 0.12218649517684887
3 0.47833333333333333 0.6189710610932476 0.1 0.4340836012861736
3 0.065 0.6495176848874598 0.06666666666666667 0.2379421221864952