3 0.6 0.48638132295719844 0.115 0.28793774319066145
3 0.44875 0.49221789883268485 0.2525 0.5642023346303502
4 0.42375 0.4961089494163424 0.1875 0.2840466926070039
4 0.08375 0.5 0.1025 0.2140077821011673
3 0.08875 0.5019455252918288 0.1625 0.3735408560311284
0 0.65 0.17120622568093385 0.1 0.1556420233463035
4 0.83 0.25486381322957197 0.22 0.3463035019455253
0 0.5275 0.27431906614785995 0.12 0.11284046692607004
0 0.1475 0.3657587548638132 0.06 0.054474708171206226
0 0.6 0.3715953307392996 0.06 0.06614785992217899
3 0.79875 0.3735408560311284 0.4025 0.6070038910505836