0 0.462988688231792 0.30797856504912174 0.03373685255010915 0.04435844001190831
0 0.31722564000793807 0.31616552545400417 0.03711053780512007 0.04465614766299494
0 0.6268108751736455 0.31988687109258707 0.027981742409208175 0.04435844001190831
0 0.5447509426473507 0.3212265555224769 0.023814248858900575 0.03155701101518309
3 0.7066878348878746 0.3311997618338791 0.04881921016074618 0.14438821077701697
0 0.7427068862869617 0.3441500446561477 0.04187338757690018 0.04644239356951474
3 0.7861678904544552 0.3453408752604942 0.054971224449295496 0.16969336111938077
0 0.3852947013296289 0.35129502828222686 0.03433220877158166 0.04346531705864841
3 0.5424687437983727 0.35948198868710923 0.039888866838658464 0.10270913962488835
3 0.6258186148045247 0.361714796070259 0.03790434610041675 0.11610598392378683
3 0.31663028378646557 0.36469187258112534 0.04862075808692201 0.15778505507591545
1 0.6612423099821393 0.3655849955343852 0.03691208573129589 0.03870199464126228
3 0.47251438777535226 0.3661804108365585 0.050803730898987896 0.1726704376302471
0 0.5628100813653503 0.37927954748437037 0.03969041476483429 0.048228639476034535
0 0.28041278031355427 0.3844894313783864 0.04683468942250447 0.06043465317058649
0 0.44860091287953957 0.3889550461446859 0.04703314149632864 0.051503423637987496
0 0.1717602698948204 0.39743971420065494 0.05655884103988887 0.05358737719559393
3 0.28140504068267513 0.42795474843703485 0.04167493550307601 0.1384340577552843
3 0.39263742806112323 0.4419470080381066 0.05973407422107561 0.23965465912473952
0 0.3429251835681683 0.4428401309913665 0.04762849771780115 0.055075915451027094
0 0.2474697360587418 0.47633224173861266 0.053582059932526294 0.04763322417386127
4 0.7469736058741814 0.48898481690979456 0.07977773367731693 0.22179220005954153
4 0.8496725540781901 0.5090800833581423 0.07283191109347092 0.23816612086930633
4 0.6590593371700735 0.5098243524858589 0.08652510418733876 0.23965465912473952
4 0.5652907322881524 0.5291753498064901 0.06965667791228418 0.20095266448347723
4 0.459515776939869 0.5318547186662698 0.07084739035522922 0.19321226555522478
3 0.7483627703909506 0.5366180410836559 0.09287557054971224 0.4391187853527836
3 0.8510617185949593 0.5410836558499553 0.0938678309188331 0.41232509675498663
3 0.8566183766620361 0.5515034236379875 0.006548918436197659 0.010419767788032152
3 0.5613216908116689 0.564900267936886 0.07561024012700933 0.42721047930931827
3 0.6530065489184362 0.5769574278058947 0.09069259773764636 0.4495385531408157
3 0.4625917840841437 0.5976481095564156 0.08454058344909704 0.4450729383745162
3 0.17523318118674341 0.5976481095564156 0.0932724746973606 0.4807978565049122
3 0.35890057551101406 0.6021137243227151 0.10736257193887676 0.343852337005061
4 0.3528477872593769 0.623697529026496 0.07938082952966859 0.21732658529324203
4 0.2501488390553681 0.6482584102411432 0.09624925580472316 0.2485858886573385
3 0.24459218098829133 0.653319440309616 0.10418733875769001 0.4301875558201846
0 0.668981940861282 0.1808573980351295 0.03095852351657075 0.03125930336409646
3 0.665509029569359 0.18234593629056267 0.020043659456241317 0.03423637987496279
3 0.6704703314149633 0.22179220005954153 0.05179599126810875 0.1309913664781185
0 0.7873586028974002 0.2834176838344745 0.03393530462393332 0.05656445370646026
0 0.7089700337368525 0.28490622208990773 0.027981742409208175 0.04763322417386127