0 0.23222222222222222 0.3412256267409471 0.10888888888888888 0.10863509749303621
0 0.8588888888888889 0.3607242339832869 0.08666666666666667 0.08635097493036212
0 0.40444444444444444 0.38440111420612816 0.09777777777777778 0.08913649025069638
1 0.58 0.4206128133704735 0.08444444444444445 0.10584958217270195
1 0.7322222222222222 0.43036211699164345 0.07777777777777778 0.09192200557103064
4 0.39111111111111113 0.616991643454039 0.1511111111111111 0.2757660167130919
2 0.20555555555555555 0.6309192200557103 0.21555555555555556 0.3871866295264624
2 0.5844444444444444 0.6434540389972145 0.15555555555555556 0.3231197771587744
3 0.19333333333333333 0.6462395543175488 0.27111111111111114 0.7075208913649025
3 0.8744444444444445 0.6545961002785515 0.19777777777777777 0.6908077994428969
3 0.39666666666666667 0.6685236768802229 0.19777777777777777 0.6629526462395543
3 0.5811111111111111 0.66991643454039 0.19777777777777777 0.6155988857938719
3 0.7355555555555555 0.6977715877437326 0.17777777777777778 0.6044568245125348