0 0.701 0.21887966804979253 0.15 0.13900414937759337
2 0.913 0.39107883817427386 0.122 0.2800829875518672
2 0.557 0.4004149377593361 0.15 0.3236514522821577
3 0.925 0.475103734439834 0.15 0.6721991701244814
2 0.32 0.48858921161825725 0.228 0.5124481327800829
3 0.334 0.5228215767634855 0.276 0.9543568464730291
2 0.705 0.5228215767634855 0.138 0.3775933609958506
3 0.539 0.533195020746888 0.154 0.9336099585062241
3 0.699 0.5746887966804979 0.15 0.8506224066390041
0 0.36 0.11929460580912864 0.18 0.12240663900414937
0 0.541 0.15145228215767634 0.102 0.08713692946058091
0 0.949 0.17738589211618258 0.102 0.056016597510373446