0 0.793125 0.2614213197969543 0.07375 0.12690355329949238
1 0.270625 0.2639593908629442 0.05625 0.1116751269035533
0 0.544375 0.2652284263959391 0.04625 0.07868020304568528
0 0.4775 0.26776649746192893 0.06 0.08375634517766498
0 0.708125 0.2703045685279188 0.06875 0.10913705583756345
3 0.40875 0.29314720812182743 0.055 0.22081218274111675
0 0.365625 0.2982233502538071 0.05125 0.08883248730964467
3 0.628125 0.37055837563451777 0.11625 0.39086294416243655
3 0.4675 0.38578680203045684 0.095 0.3147208121827411
3 0.553125 0.39847715736040606 0.09375 0.350253807106599
3 0.3675 0.4200507614213198 0.0875 0.33248730964467005
4 0.6325 0.4213197969543147 0.0775 0.18781725888324874
4 0.47 0.434010152284264 0.0825 0.2233502538071066
3 0.71 0.4365482233502538 0.0825 0.4416243654822335
4 0.715 0.45050761421319796 0.0625 0.22081218274111675
4 0.55125 0.4631979695431472 0.0775 0.23604060913705585
4 0.363125 0.46573604060913704 0.09875 0.23604060913705585
4 0.80625 0.5152284263959391 0.11 0.3248730964467005
4 0.925625 0.5266497461928934 0.12125 0.3680203045685279
0 0.505 0.5406091370558376 0.0675 0.10152284263959391
0 0.411875 0.5482233502538071 0.05375 0.09644670050761421
0 0.623125 0.5558375634517766 0.06375 0.10152284263959391
3 0.174375 0.567258883248731 0.12125 0.799492385786802
3 0.2675 0.5761421319796954 0.0925 0.7614213197969543
3 0.919375 0.583756345177665 0.12125 0.7918781725888325
0 0.695625 0.5939086294416244 0.06375 0.116751269035533
3 0.803125 0.6027918781725888 0.12625 0.7944162436548223
0 0.28375 0.6624365482233503 0.065 0.15736040609137056
3 0.625 0.7284263959390863 0.095 0.4416243654822335
3 0.51 0.7449238578680203 0.1025 0.5101522842639594
3 0.393125 0.75 0.11375 0.4949238578680203
3 0.7275 0.7690355329949239 0.135 0.4619289340101523
0 0.35 0.1814720812182741 0.05 0.09390862944162437
0 0.471875 0.18781725888324874 0.04625 0.08629441624365482
0 0.309375 0.20812182741116753 0.04875 0.07614213197969544
0 0.18125 0.22208121827411167 0.085 0.11421319796954314
0 0.41 0.2296954314720812 0.0475 0.08375634517766498
0 0.616875 0.23604060913705585 0.06875 0.09644670050761421
0 0.92 0.24492385786802032 0.08 0.14974619289340102