0 0.85 0.31574074074074077 0.15416666666666667 0.19814814814814816
0 0.4015625 0.43148148148148147 0.140625 0.2037037037037037
3 0.6083333333333333 0.4351851851851852 0.18958333333333333 0.8703703703703703
3 0.15625 0.44074074074074077 0.26666666666666666 0.8444444444444444
4 0.17239583333333333 0.5148148148148148 0.178125 0.5037037037037037
4 0.6270833333333333 0.5592592592592592 0.23333333333333334 0.6148148148148148
3 0.8703125 0.6101851851851852 0.22395833333333334 0.7796296296296297
3 0.4015625 0.6675925925925926 0.21145833333333333 0.6648148148148149
1 0.8489583333333334 0.7888888888888889 0.21041666666666667 0.40370370370370373
0 0.6088541666666667 0.08888888888888889 0.15104166666666666 0.17777777777777778
0 0.15260416666666668 0.09166666666666666 0.14270833333333333 0.17222222222222222