1 0.7720970537261699 0.21045576407506703 0.15251299826689774 0.10991957104557641
0 0.17937608318890816 0.2131367292225201 0.14211438474870017 0.15281501340482573
1 0.5762564991334489 0.2734584450402145 0.14558058925476602 0.12332439678284182
0 0.40294627383015597 0.3230563002680965 0.13518197573656845 0.13136729222520108
3 0.1975736568457539 0.5630026809651475 0.29636048526863085 0.8739946380697051
3 0.7768630849220104 0.5777479892761395 0.33708838821490467 0.8445040214477212
3 0.5641247833622184 0.6005361930294906 0.2322357019064125 0.7989276139410187
3 0.3951473136915078 0.6179624664879356 0.18890814558058924 0.7640750670241286
2 0.7863951473136915 0.6487935656836461 0.2833622183708839 0.579088471849866
2 0.18630849220103987 0.710455764075067 0.29116117850953205 0.5442359249329759
2 0.5355285961871751 0.7386058981233244 0.19930675909878684 0.5227882037533512
2 0.39948006932409014 0.7533512064343163 0.18370883882149047 0.4932975871313673
0 0.5866551126516465 0.7801608579088471 0.20103986135181975 0.257372654155496