0 0.27944444444444444 0.1725 0.03666666666666667 0.06166666666666667
0 0.8638888888888889 0.1775 0.034444444444444444 0.041666666666666664
0 0.31277777777777777 0.1875 0.03666666666666667 0.041666666666666664
0 0.5077777777777778 0.19583333333333333 0.03777777777777778 0.041666666666666664
0 0.755 0.20416666666666666 0.03666666666666667 0.045
0 0.42833333333333334 0.20833333333333334 0.03666666666666667 0.04
0 0.9472222222222222 0.21583333333333332 0.03666666666666667 0.045
4 0.8438888888888889 0.24 0.05 0.11
4 0.49722222222222223 0.26666666666666666 0.034444444444444444 0.08
0 0.5283333333333333 0.2708333333333333 0.07 0.075
3 0.27555555555555555 0.27166666666666667 0.057777777777777775 0.24
4 0.3211111111111111 0.27166666666666667 0.05333333333333334 0.11
4 0.9505555555555556 0.28 0.05444444444444444 0.1
3 0.8455555555555555 0.2841666666666667 0.07777777777777778 0.245
4 0.7444444444444445 0.29083333333333333 0.06666666666666667 0.115
3 0.9516666666666667 0.2916666666666667 0.07222222222222222 0.19333333333333333
3 0.7388888888888889 0.30666666666666664 0.08888888888888889 0.25666666666666665
3 0.3227777777777778 0.30833333333333335 0.06333333333333334 0.2833333333333333
4 0.42055555555555557 0.31 0.06555555555555556 0.13666666666666666
0 0.2011111111111111 0.3225 0.07777777777777778 0.105
3 0.425 0.3233333333333333 0.08555555555555555 0.2966666666666667
4 0.5283333333333333 0.4225 0.11888888888888889 0.18833333333333332
3 0.5333333333333333 0.49083333333333334 0.13333333333333333 0.5216666666666666
4 0.15055555555555555 0.5 0.16555555555555557 0.29333333333333333
3 0.14888888888888888 0.5816666666666667 0.2111111111111111 0.68