0 0.40185546875 0.16398243045387995 0.0712890625 0.055636896046852125
0 0.46484375 0.17423133235724744 0.060546875 0.07613469985358712
0 0.26220703125 0.21669106881405564 0.0537109375 0.09077598828696926
4 0.39111328125 0.2913616398243045 0.0654296875 0.16398243045387995
4 0.66650390625 0.29282576866764276 0.1162109375 0.21961932650073207
4 0.4716796875 0.3067349926793558 0.078125 0.1800878477306003
4 0.91943359375 0.33382137628111275 0.0927734375 0.34553440702781846
4 0.13134765625 0.33528550512445093 0.1552734375 0.29282576866764276
3 0.669921875 0.37920937042459735 0.146484375 0.5856515373352855
3 0.38916015625 0.3857979502196193 0.0810546875 0.48755490483162517
3 0.48095703125 0.39824304538799415 0.1103515625 0.5300146412884333
3 0.25732421875 0.41874084919472915 0.1025390625 0.5095168374816984
3 0.89990234375 0.41947291361639827 0.1181640625 0.7569546120058566
3 0.13427734375 0.44875549048316254 0.1337890625 0.7481698389458272
0 0.9228515625 0.08638360175695461 0.08203125 0.06442166910688141
0 0.1494140625 0.11127379209370425 0.08203125 0.06734992679355783
0 0.67333984375 0.1259150805270864 0.0634765625 0.06149341142020498