3 0.089111328125 0.8160029498525073 0.09912109375 0.36799410029498525
3 0.1787109375 0.825589970501475 0.1767578125 0.34882005899705015
0 0.383544921875 0.851401179941003 0.09228515625 0.12020648967551623
0 0.36572265625 0.9155604719764012 0.1474609375 0.16887905604719763
0 0.525146484375 0.9756637168141593 0.13134765625 0.048672566371681415
0 0.2578125 0.32079646017699115 0.0810546875 0.0855457227138643
0 0.51806640625 0.32632743362831856 0.11328125 0.1467551622418879
0 0.37255859375 0.34365781710914456 0.0859375 0.09292035398230089
1 0.738525390625 0.34513274336283184 0.09521484375 0.15486725663716813
3 0.456298828125 0.34623893805309736 0.02880859375 0.08333333333333333
1 0.682373046875 0.37352507374631266 0.04833984375 0.1467551622418879
0 0.01806640625 0.4103982300884956 0.0361328125 0.06858407079646017
3 0.594482421875 0.431047197640118 0.11669921875 0.2234513274336283
3 0.677978515625 0.44026548672566373 0.06591796875 0.32448377581120946
3 0.239501953125 0.4856194690265487 0.13623046875 0.4299410029498525
3 0.78466796875 0.5210176991150443 0.201171875 0.4859882005899705
3 0.35107421875 0.543141592920354 0.115234375 0.5110619469026548
1 0.951904296875 0.5575221238938053 0.09619140625 0.16666666666666666
3 0.4873046875 0.5936578171091446 0.1494140625 0.6902654867256637
3 0.92919921875 0.6559734513274337 0.1416015625 0.4963126843657817
3 0.02685546875 0.6758849557522124 0.0537109375 0.6290560471976401
0 0.094970703125 0.6902654867256637 0.08447265625 0.1224188790560472
0 0.17626953125 0.7153392330383481 0.11328125 0.1224188790560472