0 0.58828125 0.378125 0.0671875 0.05625
0 0.47734375 0.396875 0.0515625 0.052083333333333336
0 0.33125 0.40208333333333335 0.0625 0.058333333333333334
0 0.38671875 0.4354166666666667 0.0515625 0.058333333333333334
2 0.48046875 0.546875 0.0765625 0.16041666666666668
2 0.59609375 0.546875 0.0984375 0.17291666666666666
2 0.32109375 0.565625 0.1140625 0.20625
2 0.40234375 0.584375 0.0515625 0.15625
3 0.5921875 0.6208333333333333 0.1375 0.5708333333333333
3 0.496875 0.6333333333333333 0.11875 0.5625
3 0.40390625 0.6552083333333333 0.0828125 0.53125
3 0.32109375 0.665625 0.1296875 0.59375