0 0.13285714285714287 0.4291845493562232 0.05142857142857143 0.06866952789699571
0 0.6428571428571429 0.4366952789699571 0.03428571428571429 0.03648068669527897
0 0.30214285714285716 0.453862660944206 0.03857142857142857 0.05793991416309013
0 0.74 0.453862660944206 0.05714285714285714 0.06223175965665236
0 0.3757142857142857 0.4613733905579399 0.05142857142857143 0.04721030042918455
3 0.08642857142857142 0.5332618025751072 0.13857142857142857 0.3197424892703863
3 0.3535714285714286 0.5793991416309013 0.08142857142857143 0.27896995708154504
3 0.6585714285714286 0.5793991416309013 0.07428571428571429 0.34334763948497854
3 0.255 0.6030042918454935 0.14142857142857143 0.34763948497854075
3 0.5814285714285714 0.6083690987124464 0.09714285714285714 0.259656652360515
3 0.7864285714285715 0.6437768240343348 0.15857142857142856 0.44206008583690987