0 0.21833333333333332 0.5506024096385542 0.056666666666666664 0.05542168674698795
0 0.5141666666666667 0.5626506024096386 0.03833333333333333 0.04578313253012048
0 0.33 0.5903614457831325 0.03333333333333333 0.06265060240963856
0 0.6875 0.6060240963855422 0.04833333333333333 0.0746987951807229
0 0.43416666666666665 0.6156626506024097 0.07166666666666667 0.07951807228915662
4 0.3275 0.6867469879518072 0.065 0.11566265060240964
3 0.6466666666666666 0.6903614457831325 0.16333333333333333 0.2819277108433735
4 0.6483333333333333 0.7072289156626506 0.06666666666666667 0.12771084337349398
4 0.21 0.708433734939759 0.07333333333333333 0.163855421686747
3 0.5058333333333334 0.7144578313253012 0.06166666666666667 0.3542168674698795
4 0.4583333333333333 0.7349397590361446 0.05333333333333334 0.08674698795180723
3 0.32166666666666666 0.7397590361445783 0.10333333333333333 0.39518072289156625
3 0.20833333333333334 0.7493975903614458 0.10333333333333333 0.4530120481927711
3 0.4083333333333333 0.7783132530120482 0.09333333333333334 0.3855421686746988