0 0.7184684684684685 0.354 0.051351351351351354 0.112
0 0.8427927927927928 0.37 0.044144144144144144 0.088
0 0.4783783783783784 0.381 0.03423423423423423 0.07
0 0.4175675675675676 0.384 0.027927927927927927 0.064
0 0.6671171171171171 0.384 0.03513513513513514 0.052
0 0.3684684684684685 0.401 0.03423423423423423 0.074
0 0.5509009009009009 0.414 0.036936936936936934 0.072
0 0.6058558558558559 0.429 0.02972972972972973 0.066
4 0.6675675675675675 0.512 0.04504504504504504 0.228
4 0.42162162162162165 0.518 0.043243243243243246 0.184
4 0.48423423423423423 0.518 0.051351351351351354 0.22
4 0.8594594594594595 0.541 0.07207207207207207 0.246
4 0.5495495495495496 0.546 0.05405405405405406 0.208
4 0.37027027027027026 0.549 0.05405405405405406 0.226
3 0.4851351351351351 0.549 0.05855855855855856 0.422
4 0.6063063063063063 0.559 0.04684684684684685 0.202
4 0.727027027027027 0.563 0.07387387387387387 0.282
3 0.41621621621621624 0.571 0.05945945945945946 0.442
3 0.5509009009009009 0.594 0.05855855855855856 0.452
3 0.668918918918919 0.594 0.06036036036036036 0.496
3 0.37252252252252255 0.595 0.05675675675675676 0.474
3 0.6067567567567568 0.606 0.05675675675675676 0.416
3 0.8581081081081081 0.617 0.08018018018018018 0.598
3 0.7234234234234235 0.651 0.08828828828828829 0.698