3 0.2188235294117647 0.21333333333333335 0.04470588235294118 0.17
3 0.25941176470588234 0.22666666666666666 0.06 0.13666666666666666
0 0.7094117647058824 0.4375 0.042352941176470586 0.058333333333333334
0 0.14705882352941177 0.43916666666666665 0.03764705882352941 0.041666666666666664
0 0.9741176470588235 0.4625 0.04470588235294118 0.06166666666666667
3 0.9547058823529412 0.5325 0.09058823529411765 0.20166666666666666
3 0.69 0.5541666666666667 0.07882352941176471 0.315
0 0.8988235294117647 0.565 0.04 0.03333333333333333
3 0.16470588235294117 0.5691666666666667 0.10588235294117647 0.3016666666666667
3 0.8305882352941176 0.6366666666666667 0.1623529411764706 0.22333333333333333
0 0.060588235294117644 0.7625 0.04823529411764706 0.04833333333333333
3 0.052941176470588235 0.8391666666666666 0.10588235294117647 0.215