0 0.22666666666666666 0.2733333333333333 0.07333333333333333 0.06666666666666667
0 0.5783333333333334 0.2733333333333333 0.06666666666666667 0.05333333333333334
0 0.8033333333333333 0.2911111111111111 0.07333333333333333 0.057777777777777775
0 0.4533333333333333 0.29888888888888887 0.07333333333333333 0.051111111111111114
0 0.37583333333333335 0.30666666666666664 0.06166666666666667 0.05333333333333334
4 0.5958333333333333 0.47555555555555556 0.11833333333333333 0.22666666666666666
4 0.4666666666666667 0.49 0.12 0.20222222222222222
4 0.3458333333333333 0.4922222222222222 0.095 0.2288888888888889
4 0.805 0.5144444444444445 0.11333333333333333 0.23777777777777778
4 0.2 0.5166666666666667 0.14 0.2911111111111111
3 0.6175 0.5855555555555556 0.16166666666666665 0.6511111111111111
3 0.48583333333333334 0.59 0.13833333333333334 0.66
3 0.8158333333333333 0.6 0.15166666666666667 0.6622222222222223
3 0.3466666666666667 0.61 0.11666666666666667 0.6511111111111111
3 0.18666666666666668 0.6233333333333333 0.16 0.7533333333333333