0 0.859 0.38403614457831325 0.078 0.08734939759036145
4 0.904 0.5436746987951807 0.14 0.1355421686746988
0 0.368 0.5798192771084337 0.032 0.0391566265060241
0 0.526 0.5918674698795181 0.024 0.02710843373493976
0 0.564 0.6114457831325302 0.028 0.030120481927710843
3 0.845 0.6204819277108434 0.298 0.5421686746987951
3 0.506 0.6596385542168675 0.064 0.1746987951807229
3 0.357 0.661144578313253 0.066 0.17771084337349397
0 0.25 0.6731927710843374 0.092 0.12349397590361445
4 0.6 0.677710843373494 0.048 0.1144578313253012
3 0.593 0.6882530120481928 0.078 0.18373493975903615
3 0.232 0.7966867469879518 0.208 0.4066265060240964
4 0.226 0.8840361445783133 0.16 0.2319277108433735