0 0.7949346405228758 0.32598039215686275 0.06045751633986928 0.08823529411764706
0 0.9044117647058824 0.3333333333333333 0.06372549019607843 0.09803921568627451
0 0.45669934640522875 0.38235294117647056 0.05065359477124183 0.08333333333333333
3 0.8047385620915033 0.4007352941176471 0.09640522875816994 0.25245098039215685
0 0.5122549019607843 0.40318627450980393 0.05065359477124183 0.07598039215686274
4 0.8022875816993464 0.43995098039215685 0.058823529411764705 0.11519607843137254
4 0.4591503267973856 0.4803921568627451 0.07516339869281045 0.13725490196078433
4 0.9256535947712419 0.5343137254901961 0.09313725490196079 0.22549019607843138
3 0.9076797385620915 0.5355392156862745 0.14215686274509803 0.32107843137254904
4 0.5302287581699346 0.5612745098039216 0.07352941176470588 0.24019607843137256
3 0.45179738562091504 0.5759803921568627 0.09313725490196079 0.4852941176470588
3 0.5261437908496732 0.6286764705882353 0.08496732026143791 0.5514705882352942