3 0.5853535353535354 0.5014471780028944 0.12373737373737374 0.48383984563434634
3 0.16906565656565656 0.5082006753497347 0.10580808080808081 0.6372407139411481
4 0.44065656565656564 0.6789676796912687 0.08888888888888889 0.22141823444283648
3 0.45315656565656565 0.6789676796912687 0.13005050505050506 0.29570670525808007
0 0.1640151515151515 0.23082489146164978 0.059343434343434344 0.06319343945972021
0 0.6315656565656566 0.30294259527255185 0.02727272727272727 0.07718282682103232
0 0.49684343434343436 0.30366618427399905 0.035606060606060606 0.059334298118668596
3 0.7267676767676767 0.364447660395562 0.05858585858585859 0.2532561505065123
4 0.4547979797979798 0.3719247467438495 0.05757575757575758 0.12831644958996624
4 0.571590909090909 0.3765074770863483 0.06944444444444445 0.17124939700916547
4 0.15871212121212122 0.3950795947901592 0.07297979797979798 0.21321755909310178
3 0.44734848484848483 0.424264351181862 0.14116161616161615 0.3005306319343946