0 0.25416666666666665 0.35833333333333334 0.026041666666666668 0.027777777777777776
0 0.3265625 0.36064814814814816 0.022916666666666665 0.032407407407407406
0 0.19140625 0.3625 0.0234375 0.03981481481481482
0 0.15338541666666666 0.387037037037037 0.022395833333333334 0.040740740740740744
2 0.26223958333333336 0.40694444444444444 0.033854166666666664 0.06944444444444445
2 0.19609375 0.40925925925925927 0.024479166666666666 0.05925925925925926
2 0.3255208333333333 0.41064814814814815 0.026041666666666668 0.08425925925925926
2 0.39895833333333336 0.4185185185185185 0.03229166666666667 0.07777777777777778
3 0.26067708333333334 0.4203703703703704 0.04114583333333333 0.15555555555555556
3 0.32526041666666666 0.4236111111111111 0.03697916666666667 0.1675925925925926
3 0.40208333333333335 0.43148148148148147 0.04479166666666667 0.16296296296296298
3 0.19661458333333334 0.43333333333333335 0.03177083333333333 0.16111111111111112
2 0.15729166666666666 0.4375 0.030208333333333334 0.0712962962962963
3 0.1546875 0.45092592592592595 0.03333333333333333 0.1537037037037037