0 0.7675350701402806 0.2862903225806452 0.17635270541082165 0.1639784946236559
0 0.6392785571142284 0.2956989247311828 0.13226452905811623 0.15053763440860216
0 0.374749498997996 0.3131720430107527 0.13627254509018036 0.18010752688172044
3 0.1533066132264529 0.5739247311827957 0.24248496993987975 0.8360215053763441
3 0.7835671342685371 0.5981182795698925 0.20440881763527055 0.782258064516129
2 0.3466933867735471 0.603494623655914 0.17635270541082165 0.4274193548387097
3 0.3727454909819639 0.6102150537634409 0.18837675350701402 0.7795698924731183
3 0.62625250501002 0.6102150537634409 0.18236472945891782 0.7741935483870968
2 0.6593186372745491 0.6129032258064516 0.1523046092184369 0.41935483870967744
2 0.15531062124248496 0.646505376344086 0.23847695390781562 0.5672043010752689
2 0.7835671342685371 0.6935483870967742 0.19238476953907815 0.5161290322580645
0 0.1903807615230461 0.260752688172043 0.16432865731462926 0.1989247311827957