0 0.14916666666666667 0.1320049813200498 0.18333333333333332 0.16687422166874222
0 0.5204166666666666 0.15006226650062265 0.10583333333333333 0.1133250311332503
0 0.8591666666666666 0.18617683686176836 0.16333333333333333 0.1382316313823163
0 0.2875 0.2602739726027397 0.085 0.0921544209215442
0 0.7604166666666666 0.2646326276463263 0.0725 0.1133250311332503
2 0.5291666666666667 0.5143212951432129 0.20666666666666667 0.41344956413449563
3 0.15166666666666667 0.5211706102117061 0.28 0.9302615193026152
3 0.5308333333333334 0.549813200498132 0.25833333333333336 0.900373599003736
3 0.8879166666666667 0.5523038605230386 0.22416666666666665 0.8704856787048568
2 0.7570833333333333 0.5560398505603985 0.1275 0.3150684931506849
2 0.15375 0.5647571606475716 0.25583333333333336 0.41469489414694893
3 0.32 0.6039850560398505 0.16833333333333333 0.7920298879202988
3 0.7545833333333334 0.6039850560398505 0.16916666666666666 0.7920298879202988
2 0.8970833333333333 0.6556662515566625 0.17583333333333334 0.4669987546699875