0 0.4504166666666667 0.2324561403508772 0.049166666666666664 0.06641604010025062
0 0.3954166666666667 0.23433583959899748 0.07083333333333333 0.09022556390977443
0 0.7445833333333334 0.2769423558897243 0.0475 0.06516290726817042
0 0.8133333333333334 0.2894736842105263 0.055 0.07518796992481203
0 0.6570833333333334 0.3026315789473684 0.05416666666666667 0.07393483709273183
0 0.555 0.31140350877192985 0.06166666666666667 0.07894736842105263
0 0.8983333333333333 0.33145363408521306 0.06833333333333333 0.08897243107769423
4 0.6595833333333333 0.44047619047619047 0.08083333333333333 0.12406015037593984
4 0.5504166666666667 0.44548872180451127 0.0825 0.14160401002506265
4 0.8020833333333334 0.44862155388471175 0.0825 0.17293233082706766
4 0.38875 0.45614035087719296 0.11416666666666667 0.24310776942355888
3 0.37041666666666667 0.5025062656641605 0.1375 0.631578947368421
4 0.8966666666666666 0.5238095238095238 0.08333333333333333 0.22807017543859648
0 0.7641666666666667 0.5256892230576441 0.065 0.08145363408521303
0 0.64875 0.5307017543859649 0.06583333333333333 0.08395989974937343
0 0.5604166666666667 0.5526315789473685 0.0675 0.09774436090225563
0 0.49875 0.5714285714285714 0.08416666666666667 0.11027568922305764
3 0.8979166666666667 0.6102756892230576 0.1225 0.6516290726817042
3 0.6545833333333333 0.7105263157894737 0.0975 0.44611528822055135
3 0.7770833333333333 0.724937343358396 0.13416666666666666 0.4924812030075188