0 0.841796875 0.48905109489051096 0.060546875 0.07591240875912408
0 0.36474609375 0.4912408759124088 0.0654296875 0.06861313868613139
0 0.0908203125 0.4927007299270073 0.05859375 0.08321167883211679
0 0.50439453125 0.4992700729927007 0.0498046875 0.061313868613138686
0 0.2294921875 0.5021897810218978 0.0546875 0.05547445255474453
0 0.65087890625 0.5051094890510949 0.0654296875 0.061313868613138686
3 0.36083984375 0.7255474452554744 0.1220703125 0.5489051094890511
3 0.85791015625 0.727007299270073 0.1396484375 0.545985401459854
3 0.076171875 0.7299270072992701 0.15234375 0.5372262773722628
3 0.5068359375 0.7313868613138687 0.125 0.5372262773722628
3 0.228515625 0.7328467153284671 0.123046875 0.5343065693430656
3 0.65625 0.7335766423357665 0.12890625 0.5328467153284672
3 0.95556640625 0.7343065693430657 0.0888671875 0.5313868613138686