0 0.74625 0.5285714285714286 0.05 0.05142857142857143
0 0.2 0.5333333333333333 0.06 0.0838095238095238
0 0.321875 0.5333333333333333 0.07125 0.11047619047619048
0 0.61375 0.5457142857142857 0.0625 0.09714285714285714
0 0.44625 0.5542857142857143 0.0575 0.06476190476190476
0 0.930625 0.5552380952380952 0.05625 0.06666666666666667
0 0.5625 0.560952380952381 0.035 0.04380952380952381
0 0.81875 0.5828571428571429 0.0575 0.049523809523809526
4 0.444375 0.6876190476190476 0.06625 0.17904761904761904
4 0.749375 0.699047619047619 0.09375 0.21333333333333335
4 0.92125 0.7076190476190476 0.075 0.17333333333333334
4 0.5525 0.7152380952380952 0.0775 0.1961904761904762
3 0.631875 0.7276190476190476 0.13375 0.4876190476190476
3 0.31125 0.7314285714285714 0.125 0.5066666666666667
3 0.54375 0.741904761904762 0.085 0.4438095238095238
3 0.755625 0.7466666666666667 0.11375 0.49142857142857144
3 0.196875 0.7514285714285714 0.13375 0.49714285714285716
4 0.200625 0.7571428571428571 0.10375 0.2838095238095238
3 0.455 0.7628571428571429 0.105 0.46285714285714286
4 0.8375 0.7638095238095238 0.045 0.20952380952380953
3 0.913125 0.7695238095238095 0.10375 0.46095238095238095
3 0.828125 0.7742857142857142 0.07125 0.4514285714285714
4 0.635625 0.7790476190476191 0.09125 0.2704761904761905
4 0.3225 0.780952380952381 0.1175 0.30095238095238097