0 0.7101851851851851 0.3338815789473684 0.07592592592592592 0.10855263157894737
3 0.3 0.4769736842105263 0.13333333333333333 0.46710526315789475
3 0.7018518518518518 0.5131578947368421 0.14444444444444443 0.4934210526315789
3 0.1111111111111111 0.5213815789473685 0.1925925925925926 0.8848684210526315
2 0.5981481481481481 0.5641447368421053 0.12962962962962962 0.27960526315789475
4 0.7083333333333334 0.5756578947368421 0.13518518518518519 0.3026315789473684
4 0.287962962962963 0.5773026315789473 0.1425925925925926 0.3256578947368421
4 0.45925925925925926 0.5904605263157895 0.13703703703703704 0.33881578947368424
3 0.862037037037037 0.59375 0.26481481481481484 0.7861842105263158
3 0.4648148148148148 0.6200657894736842 0.17037037037037037 0.680921052631579
3 0.6212962962962963 0.625 0.13148148148148148 0.7236842105263158
4 0.11018518518518519 0.6875 0.22037037037037038 0.625
4 0.8851851851851852 0.7582236842105263 0.22592592592592592 0.4375
0 0.11388888888888889 0.17927631578947367 0.19074074074074074 0.19407894736842105
0 0.8648148148148148 0.26151315789473684 0.21481481481481482 0.2598684210526316
0 0.6101851851851852 0.29769736842105265 0.05740740740740741 0.08223684210526316
0 0.287962962962963 0.30756578947368424 0.06851851851851852 0.09539473684210527
0 0.4648148148148148 0.32730263157894735 0.07777777777777778 0.11513157894736842