0 0.715087890625 0.2208611729769859 0.05224609375 0.08092056421677803
0 0.52685546875 0.22197475872308833 0.0498046875 0.07126948775055679
0 0.4658203125 0.22234595397178916 0.046875 0.06904231625835189
0 0.567138671875 0.2253155159613957 0.03955078125 0.060133630289532294
0 0.83349609375 0.23942093541202672 0.0498046875 0.08389012620638456
0 0.900634765625 0.24424647364513735 0.05224609375 0.08611729769858946
0 0.75634765625 0.2457312546399406 0.0322265625 0.07423904974016332
0 0.794189453125 0.2546399406087602 0.04443359375 0.08166295471417966
0 0.668212890625 0.25686711210096513 0.05615234375 0.066815144766147
0 0.60986328125 0.2873051224944321 0.0517578125 0.06829992576095026
3 0.457275390625 0.36971046770601335 0.05810546875 0.3637713437268003
4 0.72705078125 0.39903489235337786 0.103515625 0.2071269487750557
2 0.545166015625 0.4123979213066073 0.11279296875 0.23385300668151449
3 0.539306640625 0.43429844097995546 0.12060546875 0.48106904231625836
3 0.905517578125 0.4424647364513734 0.12060546875 0.4825538233110616
3 0.740966796875 0.4510022271714922 0.11376953125 0.5189309576837416
3 0.81103515625 0.46362286562731997 0.0673828125 0.4922048997772829
3 0.64404296875 0.4806978470675575 0.1044921875 0.526354862657758