0 0.8479166666666667 0.3763888888888889 0.019791666666666666 0.03796296296296296
0 0.5328125 0.3990740740740741 0.020833333333333332 0.03148148148148148
0 0.6356770833333333 0.40925925925925927 0.024479166666666666 0.02962962962962963
3 0.840625 0.44814814814814813 0.03229166666666667 0.17222222222222222
2 0.5354166666666667 0.4587962962962963 0.028125 0.09907407407407408
2 0.6322916666666667 0.4648148148148148 0.026041666666666668 0.08148148148148149
3 0.5328125 0.4666666666666667 0.035416666666666666 0.16296296296296298
3 0.6322916666666667 0.4791666666666667 0.042708333333333334 0.18055555555555555
2 0.5869791666666667 0.5587962962962963 0.035416666666666666 0.09166666666666666
3 0.58671875 0.5712962962962963 0.03697916666666667 0.19074074074074074
0 0.6536458333333334 0.5861111111111111 0.027083333333333334 0.03518518518518519
2 0.6528645833333333 0.649074074074074 0.033854166666666664 0.09444444444444444
3 0.6533854166666667 0.6685185185185185 0.03697916666666667 0.1925925925925926