0 0.62875 0.20356472795497185 0.08 0.08442776735459662
0 0.73125 0.21106941838649157 0.1025 0.10694183864915573
0 0.355625 0.22045028142589118 0.08375 0.11444652908067542
0 0.421875 0.26172607879924953 0.05875 0.08442776735459662
0 0.22625 0.30112570356472795 0.0975 0.14446529080675422
0 0.515625 0.32082551594746717 0.08375 0.08630393996247655
4 0.325 0.4549718574108818 0.1275 0.3433395872420263
4 0.77 0.5140712945590994 0.1425 0.35647279549718575
4 0.20875 0.5647279549718575 0.17 0.37523452157598497
3 0.76 0.5806754221388368 0.1625 0.8386491557223265
3 0.3375 0.5816135084427767 0.12 0.8367729831144465
3 0.633125 0.5825515947467167 0.09625 0.8348968105065666
3 0.428125 0.5863039399624765 0.08125 0.8161350844277674
3 0.19875 0.6106941838649156 0.1675 0.7786116322701688
3 0.53625 0.6341463414634146 0.1475 0.7317073170731707