0 0.4522058823529412 0.4163602941176471 0.03627450980392157 0.034926470588235295
0 0.6350490196078431 0.4213235294117647 0.04411764705882353 0.033823529411764704
0 0.696813725490196 0.4229779411764706 0.059803921568627454 0.06433823529411764
0 0.5514705882352942 0.425 0.03627450980392157 0.0375
0 0.3379901960784314 0.44393382352941174 0.04656862745098039 0.03860294117647059
2 0.464093137254902 0.5266544117647058 0.06348039215686274 0.1363970588235294
2 0.6464460784313726 0.5318014705882353 0.05465686274509804 0.11286764705882353
2 0.5634803921568627 0.5371323529411764 0.061274509803921566 0.12058823529411765
2 0.3382352941176471 0.5579044117647058 0.06666666666666667 0.13272058823529412
3 0.4772058823529412 0.5873161764705882 0.08970588235294118 0.36801470588235297
2 0.7178921568627451 0.5878676470588236 0.0857843137254902 0.18529411764705883
3 0.5683823529411764 0.6123161764705882 0.09068627450980392 0.41066176470588234
3 0.33639705882352944 0.6196691176470588 0.09877450980392156 0.4158088235294118
3 0.7170343137254902 0.66875 0.1036764705882353 0.5529411764705883