0 0.4 0.2882205513784461 0.04666666666666667 0.045112781954887216
0 0.31916666666666665 0.29448621553884713 0.045 0.03759398496240601
0 0.47 0.3007518796992481 0.03 0.03007518796992481
0 0.5433333333333333 0.31453634085213034 0.03 0.03258145363408521
0 0.5883333333333334 0.33709273182957394 0.02666666666666667 0.02756892230576441
0 0.6591666666666667 0.3609022556390977 0.03166666666666667 0.02506265664160401
2 0.6508333333333334 0.45112781954887216 0.045 0.10526315789473684
2 0.8416666666666667 0.45614035087719296 0.08333333333333333 0.2506265664160401
3 0.395 0.47869674185463656 0.07333333333333333 0.42105263157894735
3 0.47 0.4824561403508772 0.06333333333333334 0.40852130325814534
3 0.5366666666666666 0.4824561403508772 0.04666666666666667 0.37844611528822053
3 0.5866666666666667 0.48872180451127817 0.04666666666666667 0.3258145363408521
3 0.6508333333333334 0.49624060150375937 0.06166666666666667 0.3258145363408521
3 0.30916666666666665 0.5025062656641605 0.07166666666666667 0.44862155388471175
3 0.8358333333333333 0.5639097744360902 0.13166666666666665 0.7017543859649122
0 0.8416666666666667 0.24812030075187969 0.06333333333333334 0.07017543859649122