0 0.884765625 0.24791666666666667 0.22109375 0.18333333333333332
0 0.669140625 0.24947916666666667 0.13828125 0.153125
0 0.5171875 0.3229166666666667 0.1515625 0.175
0 0.152734375 0.325 0.13671875 0.11041666666666666
0 0.378125 0.33645833333333336 0.109375 0.13333333333333333
0 0.29296875 0.4005208333333333 0.1 0.10104166666666667
3 0.892578125 0.565625 0.21484375 0.86875
3 0.7109375 0.5895833333333333 0.2265625 0.8208333333333333
2 0.49140625 0.5963541666666666 0.1890625 0.33229166666666665
4 0.718359375 0.6052083333333333 0.15859375 0.37916666666666665
3 0.526171875 0.6166666666666667 0.19140625 0.75
3 0.117578125 0.6416666666666667 0.23359375 0.7166666666666667
2 0.10078125 0.7026041666666667 0.2015625 0.40729166666666666