2 0.7212230215827338 0.6145169200588524 0.09385219097449313 0.24031387935262383
2 0.5019620667102681 0.6292300147130947 0.1196860693263571 0.2599313388916135
2 0.6278613472858077 0.6405100539480137 0.06409417920209287 0.17459538989700835
3 0.2710922171353826 0.6539970573810692 0.17789404839764553 0.6920058852378617
3 0.735938521909745 0.663805787150564 0.15598430346631786 0.672388425698872
2 0.2689666448659254 0.6733692986758215 0.1409417920209287 0.358018636586562
3 0.49787442773054286 0.6821971554683669 0.15729234793982996 0.6356056890632663
3 0.6278613472858077 0.715301618440412 0.09025506867233486 0.5693967631191761
0 0.2912034009156311 0.3643943109367337 0.09385219097449313 0.09318293281020108
0 0.7079790712884239 0.38523786169691027 0.08109875735775017 0.10053948013732222
0 0.5106278613472858 0.4153997057381069 0.07880967952910399 0.07748896517900931
0 0.6296599084368869 0.46419813634134377 0.0500327011118378 0.06718979892103973