0 0.872745490981964 0.3483483483483483 0.08216432865731463 0.0960960960960961
0 0.6312625250501002 0.46546546546546547 0.056112224448897796 0.07207207207207207
0 0.43587174348697394 0.5015015015015015 0.05811623246492986 0.05405405405405406
0 0.29458917835671344 0.5330330330330331 0.036072144288577156 0.04504504504504504
0 0.24148296593186372 0.551051051051051 0.04208416833667335 0.04504504504504504
0 0.16933867735470942 0.5735735735735735 0.03807615230460922 0.03003003003003003
0 0.06613226452905811 0.5795795795795796 0.02404809619238477 0.036036036036036036
2 0.9198396793587175 0.6111111111111112 0.13627254509018036 0.3333333333333333
2 0.32364729458917835 0.6426426426426426 0.06212424849699399 0.13813813813813813
2 0.08016032064128256 0.6486486486486487 0.04408817635270541 0.0960960960960961
3 0.9098196392785571 0.6501501501501501 0.17635270541082165 0.6996996996996997
2 0.467935871743487 0.6531531531531531 0.0781563126252505 0.17717717717717718
2 0.25250501002004005 0.6591591591591591 0.052104208416833664 0.14114114114114115
3 0.4559118236472946 0.6681681681681682 0.1062124248496994 0.3993993993993994
2 0.18537074148296592 0.6696696696696697 0.04208416833667335 0.11411411411411411
2 0.6533066132264529 0.6711711711711712 0.09619238476953908 0.23723723723723725
3 0.6482965931863728 0.6771771771771772 0.11823647294589178 0.4894894894894895
3 0.0781563126252505 0.6846846846846847 0.056112224448897796 0.22822822822822822
3 0.313627254509018 0.6876876876876877 0.09418837675350701 0.35435435435435436
3 0.24949899799599198 0.6921921921921922 0.08216432865731463 0.3213213213213213
3 0.17835671342685372 0.6921921921921922 0.06813627254509018 0.2912912912912913