1 0.23333333333333334 0.25966494845360827 0.04533333333333334 0.04768041237113402
4 0.44633333333333336 0.30670103092783507 0.11 0.27835051546391754
4 0.20866666666666667 0.4375 0.112 0.24871134020618557
3 0.44433333333333336 0.4677835051546392 0.13533333333333333 0.8427835051546392
0 0.3283333333333333 0.5399484536082474 0.058 0.07731958762886598
3 0.206 0.5496134020618557 0.12933333333333333 0.6662371134020618
3 0.345 0.6469072164948454 0.10866666666666666 0.32989690721649484
0 0.5236666666666666 0.8131443298969072 0.06333333333333334 0.14432989690721648
3 0.599 0.8350515463917526 0.21933333333333332 0.20618556701030927
4 0.619 0.8537371134020618 0.09666666666666666 0.17654639175257733
0 0.43533333333333335 0.09858247422680412 0.05466666666666667 0.08634020618556701