0 0.4117933723196881 0.18652849740932642 0.09064327485380116 0.10362694300518134
3 0.6437621832358674 0.31174438687392053 0.1608187134502924 0.4162348877374784
3 0.42787524366471735 0.33419689119170987 0.17543859649122806 0.4369602763385147
3 0.8494152046783626 0.3540587219343696 0.1881091617933723 0.5699481865284974
4 0.4298245614035088 0.38860103626943004 0.15594541910331383 0.2659758203799655
4 0.6340155945419104 0.40414507772020725 0.13157894736842105 0.2659758203799655
4 0.8747563352826511 0.4775474956822107 0.18226120857699804 0.4473229706390328
3 0.16569200779727095 0.5094991364421416 0.2807017543859649 0.9602763385146805
4 0.13596491228070176 0.5690846286701209 0.20760233918128654 0.613126079447323
0 0.12183235867446393 0.1070811744386874 0.1442495126705653 0.16234887737478412
0 0.6359649122807017 0.14939550949913644 0.10428849902534112 0.09153713298791019
0 0.8162768031189084 0.15630397236614854 0.11403508771929824 0.18134715025906736