0 0.29525 0.11353383458646617 0.0535 0.05714285714285714
0 0.4495 0.13984962406015036 0.022 0.04962406015037594
3 0.2815 0.1718045112781955 0.081 0.1962406015037594
4 0.568 0.21654135338345865 0.049 0.08270676691729323
4 0.41675 0.22969924812030076 0.0515 0.13157894736842105
3 0.06025 0.24849624060150377 0.0735 0.21428571428571427
0 0.6605 0.25526315789473686 0.094 0.0849624060150376
3 0.5705 0.28458646616541355 0.074 0.3015037593984962
3 0.41925 0.2954887218045113 0.0865 0.37593984962406013
0 0.34325 0.3067669172932331 0.0445 0.08270676691729323
4 0.7735 0.3424812030075188 0.145 0.20676691729323307
4 0.23025 0.35413533834586464 0.1435 0.2075187969924812
3 0.2575 0.5037593984962406 0.225 0.4992481203007519
3 0.738 0.5296992481203008 0.269 0.6488721804511278