0 0.446875 0.22037037037037038 0.07083333333333333 0.07777777777777778
0 0.6791666666666667 0.2564814814814815 0.0625 0.10555555555555556
0 0.34322916666666664 0.28055555555555556 0.07395833333333333 0.10185185185185185
0 0.8739583333333333 0.28425925925925927 0.07291666666666667 0.09814814814814815
0 0.5984375 0.2851851851851852 0.07604166666666666 0.08888888888888889
0 0.5005208333333333 0.2953703703703704 0.06979166666666667 0.10555555555555556
4 0.6979166666666666 0.45185185185185184 0.11458333333333333 0.2777777777777778
4 0.3385416666666667 0.4777777777777778 0.12083333333333333 0.24074074074074073
4 0.615625 0.4777777777777778 0.13125 0.29259259259259257
4 0.86875 0.487962962962963 0.13541666666666666 0.26851851851851855
4 0.48541666666666666 0.49722222222222223 0.11458333333333333 0.26851851851851855
3 0.6104166666666667 0.6074074074074074 0.13541666666666666 0.7444444444444445
3 0.33229166666666665 0.6157407407407407 0.14375 0.7685185185185185
3 0.8635416666666667 0.6157407407407407 0.14375 0.7685185185185185
3 0.4864583333333333 0.6240740740740741 0.14791666666666667 0.7518518518518519