0 0.72375 0.17897371714643304 0.05416666666666667 0.07259073842302878
0 0.21083333333333334 0.22778473091364204 0.06666666666666667 0.0625782227784731
0 0.6075 0.23967459324155194 0.051666666666666666 0.0688360450563204
0 0.45958333333333334 0.2634543178973717 0.05583333333333333 0.07884856070087609
0 0.395 0.27784730913642053 0.055 0.04505632040050062
4 0.7291666666666666 0.360450563204005 0.09833333333333333 0.2227784730913642
4 0.6279166666666667 0.409261576971214 0.12083333333333333 0.20775969962453067
4 0.21458333333333332 0.42740926157697123 0.1275 0.27409261576971217
4 0.4625 0.4405506883604506 0.10333333333333333 0.2503128911138924
3 0.7345833333333334 0.44680851063829785 0.13083333333333333 0.6132665832290363
4 0.3825 0.4712140175219024 0.051666666666666666 0.21151439299123906
3 0.6325 0.5025031289111389 0.11833333333333333 0.6070087609511889
3 0.3875 0.5281602002503129 0.07833333333333334 0.5707133917396746
3 0.20958333333333334 0.5525657071339174 0.18083333333333335 0.7196495619524406
3 0.47208333333333335 0.5544430538172715 0.15083333333333335 0.6408010012515645