4 0.8988684582743989 0.7238330975954739 0.18434700612918434 0.4801980198019802
0 0.1768033946251768 0.14462517680339462 0.1074964639321075 0.12376237623762376
0 0.5282885431400283 0.2188826025459689 0.10985384252710985 0.10678925035360678
0 0.347006129184347 0.3065770862800566 0.10278170674210278 0.10678925035360678
0 0.6765676567656765 0.32637906647807635 0.1074964639321075 0.10113154172560113
0 0.8884959924563886 0.33345120226308345 0.11551155115511551 0.1082036775106082
4 0.15322960867515323 0.4582743988684583 0.16595945308816595 0.38896746817538896
3 0.14945780292314945 0.5431400282885431 0.16973125884016974 0.9137199434229137
2 0.5301744460160301 0.5434936350777935 0.17774634606317774 0.384016973125884
3 0.5103724658180103 0.5816831683168316 0.15134370579915135 0.8366336633663366
4 0.33545497406883545 0.6067892503536068 0.16737388024516736 0.3734087694483734
3 0.3330975954738331 0.6205799151343706 0.1371994342291372 0.7588401697312589
3 0.6907119283356907 0.6318953323903819 0.14521452145214522 0.7362093352192363
3 0.896982555398397 0.6318953323903819 0.15322960867515323 0.7362093352192363
4 0.7036775106082037 0.6644271570014144 0.1522866572371523 0.40947666195190946