0 0.7827272727272727 0.22982216142270862 0.12727272727272726 0.09849521203830369
0 0.35045454545454546 0.2551299589603283 0.10818181818181818 0.10259917920656635
0 0.4809090909090909 0.2660738714090287 0.11090909090909092 0.11627906976744186
0 0.6504545454545455 0.2811217510259918 0.1318181818181818 0.12722298221614228
3 0.6545454545454545 0.3987688098495212 0.21272727272727274 0.3625170998632011
3 0.8581818181818182 0.4829001367989056 0.28363636363636363 0.6046511627906976
2 0.6559090909090909 0.4883720930232558 0.17 0.17236662106703146
3 0.315 0.4897400820793434 0.19727272727272727 0.585499316005472
3 0.4863636363636364 0.5253077975376197 0.16727272727272727 0.6347469220246238
2 0.4890909090909091 0.5328317373461012 0.12727272727272726 0.28864569083447333
2 0.8372727272727273 0.5458276333789329 0.1690909090909091 0.3748290013679891
2 0.3195454545454545 0.5465116279069767 0.16090909090909092 0.31600547195622436